No._nodes: 1872
Nodal_coords:
0	0
1	0
2	0
3	0
4	0
5	0
6	0
7	0
8	0
9	0
10	0
11	0
12	0
13	0
14	0
15	0
16	0
17	0
18	0
19	0
20	0
21	0
22	0
23	0
24	0
25	0
26	0
27	0
28	0
29	0
30	0
31	0
32	0
33	0
34	0
35	0
0	1
1	1
2	1
3	1
4	1
5	1
6	1
7	1
8	1
9	1
10	1
11	1
12	1
13	1
14	1
15	1
16	1
17	1
18	1
19	1
20	1
21	1
22	1
23	1
24	1
25	1
26	1
27	1
28	1
29	1
30	1
31	1
32	1
33	1
34	1
35	1
0	2
1	2
2	2
3	2
4	2
5	2
6	2
7	2
8	2
9	2
10	2
11	2
12	2
13	2
14	2
15	2
16	2
17	2
18	2
19	2
20	2
21	2
22	2
23	2
24	2
25	2
26	2
27	2
28	2
29	2
30	2
31	2
32	2
33	2
34	2
35	2
0	3
1	3
2	3
3	3
4	3
5	3
6	3
7	3
8	3
9	3
10	3
11	3
12	3
13	3
14	3
15	3
16	3
17	3
18	3
19	3
20	3
21	3
22	3
23	3
24	3
25	3
26	3
27	3
28	3
29	3
30	3
31	3
32	3
33	3
34	3
35	3
0	4
1	4
2	4
3	4
4	4
5	4
6	4
7	4
8	4
9	4
10	4
11	4
12	4
13	4
14	4
15	4
16	4
17	4
18	4
19	4
20	4
21	4
22	4
23	4
24	4
25	4
26	4
27	4
28	4
29	4
30	4
31	4
32	4
33	4
34	4
35	4
0	5
1	5
2	5
3	5
4	5
5	5
6	5
7	5
8	5
9	5
10	5
11	5
12	5
13	5
14	5
15	5
16	5
17	5
18	5
19	5
20	5
21	5
22	5
23	5
24	5
25	5
26	5
27	5
28	5
29	5
30	5
31	5
32	5
33	5
34	5
35	5
0	6
1	6
2	6
3	6
4	6
5	6
6	6
7	6
8	6
9	6
10	6
11	6
12	6
13	6
14	6
15	6
16	6
17	6
18	6
19	6
20	6
21	6
22	6
23	6
24	6
25	6
26	6
27	6
28	6
29	6
30	6
31	6
32	6
33	6
34	6
35	6
0	7
1	7
2	7
3	7
4	7
5	7
6	7
7	7
8	7
9	7
10	7
11	7
12	7
13	7
14	7
15	7
16	7
17	7
18	7
19	7
20	7
21	7
22	7
23	7
24	7
25	7
26	7
27	7
28	7
29	7
30	7
31	7
32	7
33	7
34	7
35	7
0	8
1	8
2	8
3	8
4	8
5	8
6	8
7	8
8	8
9	8
10	8
11	8
12	8
13	8
14	8
15	8
16	8
17	8
18	8
19	8
20	8
21	8
22	8
23	8
24	8
25	8
26	8
27	8
28	8
29	8
30	8
31	8
32	8
33	8
34	8
35	8
0	9
1	9
2	9
3	9
4	9
5	9
6	9
7	9
8	9
9	9
10	9
11	9
12	9
13	9
14	9
15	9
16	9
17	9
18	9
19	9
20	9
21	9
22	9
23	9
24	9
25	9
26	9
27	9
28	9
29	9
30	9
31	9
32	9
33	9
34	9
35	9
0	10
1	10
2	10
3	10
4	10
5	10
6	10
7	10
8	10
9	10
10	10
11	10
12	10
13	10
14	10
15	10
16	10
17	10
18	10
19	10
20	10
21	10
22	10
23	10
24	10
25	10
26	10
27	10
28	10
29	10
30	10
31	10
32	10
33	10
34	10
35	10
0	11
1	11
2	11
3	11
4	11
5	11
6	11
7	11
8	11
9	11
10	11
11	11
12	11
13	11
14	11
15	11
16	11
17	11
18	11
19	11
20	11
21	11
22	11
23	11
24	11
25	11
26	11
27	11
28	11
29	11
30	11
31	11
32	11
33	11
34	11
35	11
0	12
1	12
2	12
3	12
4	12
5	12
6	12
7	12
8	12
9	12
10	12
11	12
12	12
13	12
14	12
15	12
16	12
17	12
18	12
19	12
20	12
21	12
22	12
23	12
24	12
25	12
26	12
27	12
28	12
29	12
30	12
31	12
32	12
33	12
34	12
35	12
0	13
1	13
2	13
3	13
4	13
5	13
6	13
7	13
8	13
9	13
10	13
11	13
12	13
13	13
14	13
15	13
16	13
17	13
18	13
19	13
20	13
21	13
22	13
23	13
24	13
25	13
26	13
27	13
28	13
29	13
30	13
31	13
32	13
33	13
34	13
35	13
0	14
1	14
2	14
3	14
4	14
5	14
6	14
7	14
8	14
9	14
10	14
11	14
12	14
13	14
14	14
15	14
16	14
17	14
18	14
19	14
20	14
21	14
22	14
23	14
24	14
25	14
26	14
27	14
28	14
29	14
30	14
31	14
32	14
33	14
34	14
35	14
0	15
1	15
2	15
3	15
4	15
5	15
6	15
7	15
8	15
9	15
10	15
11	15
12	15
13	15
14	15
15	15
16	15
17	15
18	15
19	15
20	15
21	15
22	15
23	15
24	15
25	15
26	15
27	15
28	15
29	15
30	15
31	15
32	15
33	15
34	15
35	15
0	16
1	16
2	16
3	16
4	16
5	16
6	16
7	16
8	16
9	16
10	16
11	16
12	16
13	16
14	16
15	16
16	16
17	16
18	16
19	16
20	16
21	16
22	16
23	16
24	16
25	16
26	16
27	16
28	16
29	16
30	16
31	16
32	16
33	16
34	16
35	16
0	17
1	17
2	17
3	17
4	17
5	17
6	17
7	17
8	17
9	17
10	17
11	17
12	17
13	17
14	17
15	17
16	17
17	17
18	17
19	17
20	17
21	17
22	17
23	17
24	17
25	17
26	17
27	17
28	17
29	17
30	17
31	17
32	17
33	17
34	17
35	17
0	18
1	18
2	18
3	18
4	18
5	18
6	18
7	18
8	18
9	18
10	18
11	18
12	18
13	18
14	18
15	18
16	18
17	18
18	18
19	18
20	18
21	18
22	18
23	18
24	18
25	18
26	18
27	18
28	18
29	18
30	18
31	18
32	18
33	18
34	18
35	18
0	19
1	19
2	19
3	19
4	19
5	19
6	19
7	19
8	19
9	19
10	19
11	19
12	19
13	19
14	19
15	19
16	19
17	19
18	19
19	19
20	19
21	19
22	19
23	19
24	19
25	19
26	19
27	19
28	19
29	19
30	19
31	19
32	19
33	19
34	19
35	19
0	20
1	20
2	20
3	20
4	20
5	20
6	20
7	20
8	20
9	20
10	20
11	20
12	20
13	20
14	20
15	20
16	20
17	20
18	20
19	20
20	20
21	20
22	20
23	20
24	20
25	20
26	20
27	20
28	20
29	20
30	20
31	20
32	20
33	20
34	20
35	20
0	21
1	21
2	21
3	21
4	21
5	21
6	21
7	21
8	21
9	21
10	21
11	21
12	21
13	21
14	21
15	21
16	21
17	21
18	21
19	21
20	21
21	21
22	21
23	21
24	21
25	21
26	21
27	21
28	21
29	21
30	21
31	21
32	21
33	21
34	21
35	21
0	22
1	22
2	22
3	22
4	22
5	22
6	22
7	22
8	22
9	22
10	22
11	22
12	22
13	22
14	22
15	22
16	22
17	22
18	22
19	22
20	22
21	22
22	22
23	22
24	22
25	22
26	22
27	22
28	22
29	22
30	22
31	22
32	22
33	22
34	22
35	22
0	23
1	23
2	23
3	23
4	23
5	23
6	23
7	23
8	23
9	23
10	23
11	23
12	23
13	23
14	23
15	23
16	23
17	23
18	23
19	23
20	23
21	23
22	23
23	23
24	23
25	23
26	23
27	23
28	23
29	23
30	23
31	23
32	23
33	23
34	23
35	23
0	24
1	24
2	24
3	24
4	24
5	24
6	24
7	24
8	24
9	24
10	24
11	24
12	24
13	24
14	24
15	24
16	24
17	24
18	24
19	24
20	24
21	24
22	24
23	24
24	24
25	24
26	24
27	24
28	24
29	24
30	24
31	24
32	24
33	24
34	24
35	24
0	25
1	25
2	25
3	25
4	25
5	25
6	25
7	25
8	25
9	25
10	25
11	25
12	25
13	25
14	25
15	25
16	25
17	25
18	25
19	25
20	25
21	25
22	25
23	25
24	25
25	25
26	25
27	25
28	25
29	25
30	25
31	25
32	25
33	25
34	25
35	25
0	26
1	26
2	26
3	26
4	26
5	26
6	26
7	26
8	26
9	26
10	26
11	26
12	26
13	26
14	26
15	26
16	26
17	26
18	26
19	26
20	26
21	26
22	26
23	26
24	26
25	26
26	26
27	26
28	26
29	26
30	26
31	26
32	26
33	26
34	26
35	26
0	27
1	27
2	27
3	27
4	27
5	27
6	27
7	27
8	27
9	27
10	27
11	27
12	27
13	27
14	27
15	27
16	27
17	27
18	27
19	27
20	27
21	27
22	27
23	27
24	27
25	27
26	27
27	27
28	27
29	27
30	27
31	27
32	27
33	27
34	27
35	27
0	28
1	28
2	28
3	28
4	28
5	28
6	28
7	28
8	28
9	28
10	28
11	28
12	28
13	28
14	28
15	28
16	28
17	28
18	28
19	28
20	28
21	28
22	28
23	28
24	28
25	28
26	28
27	28
28	28
29	28
30	28
31	28
32	28
33	28
34	28
35	28
0	29
1	29
2	29
3	29
4	29
5	29
6	29
7	29
8	29
9	29
10	29
11	29
12	29
13	29
14	29
15	29
16	29
17	29
18	29
19	29
20	29
21	29
22	29
23	29
24	29
25	29
26	29
27	29
28	29
29	29
30	29
31	29
32	29
33	29
34	29
35	29
0	30
1	30
2	30
3	30
4	30
5	30
6	30
7	30
8	30
9	30
10	30
11	30
12	30
13	30
14	30
15	30
16	30
17	30
18	30
19	30
20	30
21	30
22	30
23	30
24	30
25	30
26	30
27	30
28	30
29	30
30	30
31	30
32	30
33	30
34	30
35	30
0	31
1	31
2	31
3	31
4	31
5	31
6	31
7	31
8	31
9	31
10	31
11	31
12	31
13	31
14	31
15	31
16	31
17	31
18	31
19	31
20	31
21	31
22	31
23	31
24	31
25	31
26	31
27	31
28	31
29	31
30	31
31	31
32	31
33	31
34	31
35	31
0	32
1	32
2	32
3	32
4	32
5	32
6	32
7	32
8	32
9	32
10	32
11	32
12	32
13	32
14	32
15	32
16	32
17	32
18	32
19	32
20	32
21	32
22	32
23	32
24	32
25	32
26	32
27	32
28	32
29	32
30	32
31	32
32	32
33	32
34	32
35	32
0	33
1	33
2	33
3	33
4	33
5	33
6	33
7	33
8	33
9	33
10	33
11	33
12	33
13	33
14	33
15	33
16	33
17	33
18	33
19	33
20	33
21	33
22	33
23	33
24	33
25	33
26	33
27	33
28	33
29	33
30	33
31	33
32	33
33	33
34	33
35	33
0	34
1	34
2	34
3	34
4	34
5	34
6	34
7	34
8	34
9	34
10	34
11	34
12	34
13	34
14	34
15	34
16	34
17	34
18	34
19	34
20	34
21	34
22	34
23	34
24	34
25	34
26	34
27	34
28	34
29	34
30	34
31	34
32	34
33	34
34	34
35	34
0	35
1	35
2	35
3	35
4	35
5	35
6	35
7	35
8	35
9	35
10	35
11	35
12	35
13	35
14	35
15	35
16	35
17	35
18	35
19	35
20	35
21	35
22	35
23	35
24	35
25	35
26	35
27	35
28	35
29	35
30	35
31	35
32	35
33	35
34	35
35	35
0	36
1	36
2	36
3	36
4	36
5	36
6	36
7	36
8	36
9	36
10	36
11	36
12	36
13	36
14	36
15	36
16	36
17	36
18	36
19	36
20	36
21	36
22	36
23	36
24	36
25	36
26	36
27	36
28	36
29	36
30	36
31	36
32	36
33	36
34	36
35	36
0	37
1	37
2	37
3	37
4	37
5	37
6	37
7	37
8	37
9	37
10	37
11	37
12	37
13	37
14	37
15	37
16	37
17	37
18	37
19	37
20	37
21	37
22	37
23	37
24	37
25	37
26	37
27	37
28	37
29	37
30	37
31	37
32	37
33	37
34	37
35	37
0	38
1	38
2	38
3	38
4	38
5	38
6	38
7	38
8	38
9	38
10	38
11	38
12	38
13	38
14	38
15	38
16	38
17	38
18	38
19	38
20	38
21	38
22	38
23	38
24	38
25	38
26	38
27	38
28	38
29	38
30	38
31	38
32	38
33	38
34	38
35	38
0	39
1	39
2	39
3	39
4	39
5	39
6	39
7	39
8	39
9	39
10	39
11	39
12	39
13	39
14	39
15	39
16	39
17	39
18	39
19	39
20	39
21	39
22	39
23	39
24	39
25	39
26	39
27	39
28	39
29	39
30	39
31	39
32	39
33	39
34	39
35	39
0	40
1	40
2	40
3	40
4	40
5	40
6	40
7	40
8	40
9	40
10	40
11	40
12	40
13	40
14	40
15	40
16	40
17	40
18	40
19	40
20	40
21	40
22	40
23	40
24	40
25	40
26	40
27	40
28	40
29	40
30	40
31	40
32	40
33	40
34	40
35	40
0	41
1	41
2	41
3	41
4	41
5	41
6	41
7	41
8	41
9	41
10	41
11	41
12	41
13	41
14	41
15	41
16	41
17	41
18	41
19	41
20	41
21	41
22	41
23	41
24	41
25	41
26	41
27	41
28	41
29	41
30	41
31	41
32	41
33	41
34	41
35	41
0	42
1	42
2	42
3	42
4	42
5	42
6	42
7	42
8	42
9	42
10	42
11	42
12	42
13	42
14	42
15	42
16	42
17	42
18	42
19	42
20	42
21	42
22	42
23	42
24	42
25	42
26	42
27	42
28	42
29	42
30	42
31	42
32	42
33	42
34	42
35	42
0	43
1	43
2	43
3	43
4	43
5	43
6	43
7	43
8	43
9	43
10	43
11	43
12	43
13	43
14	43
15	43
16	43
17	43
18	43
19	43
20	43
21	43
22	43
23	43
24	43
25	43
26	43
27	43
28	43
29	43
30	43
31	43
32	43
33	43
34	43
35	43
0	44
1	44
2	44
3	44
4	44
5	44
6	44
7	44
8	44
9	44
10	44
11	44
12	44
13	44
14	44
15	44
16	44
17	44
18	44
19	44
20	44
21	44
22	44
23	44
24	44
25	44
26	44
27	44
28	44
29	44
30	44
31	44
32	44
33	44
34	44
35	44
0	45
1	45
2	45
3	45
4	45
5	45
6	45
7	45
8	45
9	45
10	45
11	45
12	45
13	45
14	45
15	45
16	45
17	45
18	45
19	45
20	45
21	45
22	45
23	45
24	45
25	45
26	45
27	45
28	45
29	45
30	45
31	45
32	45
33	45
34	45
35	45
0	46
1	46
2	46
3	46
4	46
5	46
6	46
7	46
8	46
9	46
10	46
11	46
12	46
13	46
14	46
15	46
16	46
17	46
18	46
19	46
20	46
21	46
22	46
23	46
24	46
25	46
26	46
27	46
28	46
29	46
30	46
31	46
32	46
33	46
34	46
35	46
0	47
1	47
2	47
3	47
4	47
5	47
6	47
7	47
8	47
9	47
10	47
11	47
12	47
13	47
14	47
15	47
16	47
17	47
18	47
19	47
20	47
21	47
22	47
23	47
24	47
25	47
26	47
27	47
28	47
29	47
30	47
31	47
32	47
33	47
34	47
35	47
0	48
1	48
2	48
3	48
4	48
5	48
6	48
7	48
8	48
9	48
10	48
11	48
12	48
13	48
14	48
15	48
16	48
17	48
18	48
19	48
20	48
21	48
22	48
23	48
24	48
25	48
26	48
27	48
28	48
29	48
30	48
31	48
32	48
33	48
34	48
35	48
0	49
1	49
2	49
3	49
4	49
5	49
6	49
7	49
8	49
9	49
10	49
11	49
12	49
13	49
14	49
15	49
16	49
17	49
18	49
19	49
20	49
21	49
22	49
23	49
24	49
25	49
26	49
27	49
28	49
29	49
30	49
31	49
32	49
33	49
34	49
35	49
0	50
1	50
2	50
3	50
4	50
5	50
6	50
7	50
8	50
9	50
10	50
11	50
12	50
13	50
14	50
15	50
16	50
17	50
18	50
19	50
20	50
21	50
22	50
23	50
24	50
25	50
26	50
27	50
28	50
29	50
30	50
31	50
32	50
33	50
34	50
35	50
0	51
1	51
2	51
3	51
4	51
5	51
6	51
7	51
8	51
9	51
10	51
11	51
12	51
13	51
14	51
15	51
16	51
17	51
18	51
19	51
20	51
21	51
22	51
23	51
24	51
25	51
26	51
27	51
28	51
29	51
30	51
31	51
32	51
33	51
34	51
35	51
No._elements:                       1781
Max_no._nodes_on_any_one_element:   4
element_identifier; no._nodes_on_element; connectivity:
1	4	1	2	38	37
2	4	2	3	39	38
3	4	3	4	40	39
4	4	4	5	41	40
5	4	5	6	42	41
6	4	6	7	43	42
7	4	7	8	44	43
8	4	8	9	45	44
9	4	9	10	46	45
10	4	10	11	47	46
11	4	11	12	48	47
12	4	12	13	49	48
13	4	13	14	50	49
14	4	14	15	51	50
15	4	15	16	52	51
16	4	16	17	53	52
17	4	17	18	54	53
18	4	18	19	55	54
19	4	19	20	56	55
20	4	20	21	57	56
21	4	21	22	58	57
22	4	22	23	59	58
23	4	23	24	60	59
24	4	24	25	61	60
25	4	25	26	62	61
26	4	26	27	63	62
27	4	27	28	64	63
28	4	28	29	65	64
29	4	29	30	66	65
30	4	30	31	67	66
31	4	31	32	68	67
32	4	32	33	69	68
33	4	33	34	70	69
34	4	34	35	71	70
35	4	35	36	72	71
36	4	37	38	74	73
37	4	38	39	75	74
38	4	39	40	76	75
39	4	40	41	77	76
40	4	41	42	78	77
41	4	42	43	79	78
42	4	43	44	80	79
43	4	44	45	81	80
44	4	45	46	82	81
45	4	46	47	83	82
46	4	47	48	84	83
47	4	48	49	85	84
48	4	49	50	86	85
49	4	50	51	87	86
50	4	51	52	88	87
51	4	52	53	89	88
52	4	53	54	90	89
53	4	54	55	91	90
54	4	55	56	92	91
55	4	56	57	93	92
56	4	57	58	94	93
57	4	58	59	95	94
58	4	59	60	96	95
59	4	60	61	97	96
60	4	61	62	98	97
61	4	62	63	99	98
62	4	63	64	100	99
63	4	64	65	101	100
64	4	65	66	102	101
65	4	66	67	103	102
66	4	67	68	104	103
67	4	68	69	105	104
68	4	69	70	106	105
69	4	70	71	107	106
70	4	71	72	108	107
71	4	73	74	110	109
72	4	74	75	111	110
73	4	75	76	112	111
74	4	76	77	113	112
75	4	77	78	114	113
76	4	78	79	115	114
77	4	79	80	116	115
78	4	80	81	117	116
79	4	81	82	118	117
80	4	82	83	119	118
81	4	83	84	120	119
82	4	84	85	121	120
83	4	85	86	122	121
84	4	86	87	123	122
85	4	87	88	124	123
86	4	88	89	125	124
87	4	89	90	126	125
88	4	90	91	127	126
89	4	91	92	128	127
90	4	92	93	129	128
91	4	93	94	130	129
92	4	94	95	131	130
93	4	95	96	132	131
94	4	96	97	133	132
95	4	97	98	134	133
96	4	98	99	135	134
97	4	99	100	136	135
98	4	100	101	137	136
99	4	101	102	138	137
100	4	102	103	139	138
101	4	103	104	140	139
102	4	104	105	141	140
103	4	105	106	142	141
104	4	106	107	143	142
105	4	107	108	144	143
106	4	109	110	146	145
107	4	110	111	147	146
108	4	111	112	148	147
109	4	112	113	149	148
110	4	113	114	150	149
111	4	114	115	151	150
112	4	115	116	152	151
113	4	116	117	153	152
114	4	117	118	154	153
115	4	118	119	155	154
116	4	119	120	156	155
117	4	120	121	157	156
118	4	121	122	158	157
119	4	122	123	159	158
120	4	123	124	160	159
121	4	124	125	161	160
122	4	125	126	162	161
123	4	126	127	163	162
124	4	127	128	164	163
125	4	128	129	165	164
126	4	129	130	166	165
127	4	130	131	167	166
128	4	131	132	168	167
129	4	132	133	169	168
130	4	133	134	170	169
131	4	134	135	171	170
132	4	135	136	172	171
133	4	136	137	173	172
134	4	137	138	174	173
135	4	138	139	175	174
136	4	139	140	176	175
137	4	140	141	177	176
138	4	141	142	178	177
139	4	142	143	179	178
140	4	143	144	180	179
141	4	145	146	182	181
142	4	146	147	183	182
143	4	147	148	184	183
144	4	148	149	185	184
145	4	149	150	186	185
146	4	150	151	187	186
147	4	151	152	188	187
148	4	152	153	189	188
149	4	153	154	190	189
150	4	154	155	191	190
151	4	155	156	192	191
152	4	156	157	193	192
153	4	157	158	194	193
154	4	158	159	195	194
155	4	159	160	196	195
156	4	160	161	197	196
157	4	161	162	198	197
158	4	162	163	199	198
159	4	163	164	200	199
160	4	164	165	201	200
161	4	165	166	202	201
162	4	166	167	203	202
163	4	167	168	204	203
164	4	168	169	205	204
165	4	169	170	206	205
166	4	170	171	207	206
167	4	171	172	208	207
168	4	172	173	209	208
169	4	173	174	210	209
170	4	174	175	211	210
171	4	175	176	212	211
172	4	176	177	213	212
173	4	177	178	214	213
174	4	178	179	215	214
175	4	179	180	216	215
176	4	181	182	218	217
177	4	182	183	219	218
178	4	183	184	220	219
179	4	184	185	221	220
180	4	185	186	222	221
181	4	186	187	223	222
182	4	187	188	224	223
183	4	188	189	225	224
184	4	189	190	226	225
185	4	190	191	227	226
186	4	191	192	228	227
187	4	192	193	229	228
188	4	193	194	230	229
189	4	194	195	231	230
190	4	195	196	232	231
191	4	196	197	233	232
192	4	197	198	234	233
193	4	198	199	235	234
194	4	199	200	236	235
195	4	200	201	237	236
196	4	201	202	238	237
197	4	202	203	239	238
198	4	203	204	240	239
199	4	204	205	241	240
200	4	205	206	242	241
201	4	206	207	243	242
202	4	207	208	244	243
203	4	208	209	245	244
204	4	209	210	246	245
205	4	210	211	247	246
206	4	211	212	248	247
207	4	212	213	249	248
208	4	213	214	250	249
209	4	214	215	251	250
210	4	215	216	252	251
211	4	217	218	254	253
212	4	218	219	255	254
213	4	219	220	256	255
214	4	220	221	257	256
215	4	221	222	258	257
216	4	222	223	259	258
217	4	223	224	260	259
218	4	224	225	261	260
219	4	225	226	262	261
220	4	226	227	263	262
221	4	227	228	264	263
222	4	228	229	265	264
223	4	229	230	266	265
224	4	230	231	267	266
225	4	231	232	268	267
226	4	232	233	269	268
227	4	233	234	270	269
228	4	234	235	271	270
229	4	235	236	272	271
230	4	236	237	273	272
231	4	237	238	274	273
232	4	238	239	275	274
233	4	239	240	276	275
234	4	240	241	277	276
235	4	241	242	278	277
236	4	242	243	279	278
237	4	243	244	280	279
238	4	244	245	281	280
239	4	245	246	282	281
240	4	246	247	283	282
241	4	247	248	284	283
242	4	248	249	285	284
243	4	249	250	286	285
244	4	250	251	287	286
245	4	251	252	288	287
246	4	253	254	290	289
247	4	254	255	291	290
248	4	255	256	292	291
249	4	256	257	293	292
250	4	257	258	294	293
251	4	258	259	295	294
252	4	259	260	296	295
253	4	260	261	297	296
254	4	261	262	298	297
255	4	262	263	299	298
256	4	263	264	300	299
257	4	264	265	301	300
258	4	265	266	302	301
259	4	266	267	303	302
260	4	267	268	304	303
261	4	268	269	305	304
262	4	269	270	306	305
263	4	270	271	307	306
264	4	271	272	308	307
265	4	272	273	309	308
266	4	273	274	310	309
267	4	274	275	311	310
268	4	275	276	312	311
269	4	276	277	313	312
270	4	277	278	314	313
271	4	278	279	315	314
272	4	279	280	316	315
273	4	280	281	317	316
274	4	281	282	318	317
275	4	282	283	319	318
276	4	283	284	320	319
277	4	284	285	321	320
278	4	285	286	322	321
279	4	286	287	323	322
280	4	287	288	324	323
281	4	289	290	326	325
282	4	290	291	327	326
283	4	291	292	328	327
284	4	292	293	329	328
285	4	293	294	330	329
286	4	294	295	331	330
287	4	295	296	332	331
288	4	296	297	333	332
289	4	297	298	334	333
290	4	298	299	335	334
291	4	299	300	336	335
292	4	300	301	337	336
293	4	301	302	338	337
294	4	302	303	339	338
295	4	303	304	340	339
296	4	304	305	341	340
297	4	305	306	342	341
298	4	306	307	343	342
299	4	307	308	344	343
300	4	308	309	345	344
301	4	309	310	346	345
302	4	310	311	347	346
303	4	311	312	348	347
304	4	312	313	349	348
305	4	313	314	350	349
306	4	314	315	351	350
307	4	315	316	352	351
308	4	316	317	353	352
309	4	317	318	354	353
310	4	318	319	355	354
311	4	319	320	356	355
312	4	320	321	357	356
313	4	321	322	358	357
314	4	322	323	359	358
315	4	323	324	360	359
316	4	325	326	362	361
317	4	326	327	363	362
318	4	327	328	364	363
319	4	328	329	365	364
320	4	329	330	366	365
321	4	330	331	367	366
322	4	331	332	368	367
323	4	332	333	369	368
324	4	333	334	370	369
325	4	334	335	371	370
326	4	335	336	372	371
327	4	336	337	373	372
328	4	337	338	374	373
329	4	338	339	375	374
330	4	339	340	376	375
331	4	340	341	377	376
332	4	341	342	378	377
333	4	342	343	379	378
334	4	343	344	380	379
335	4	344	345	381	380
336	4	345	346	382	381
337	4	346	347	383	382
338	4	347	348	384	383
339	4	348	349	385	384
340	4	349	350	386	385
341	4	350	351	387	386
342	4	351	352	388	387
343	4	352	353	389	388
344	4	353	354	390	389
345	4	354	355	391	390
346	4	355	356	392	391
347	4	356	357	393	392
348	4	357	358	394	393
349	4	358	359	395	394
350	4	359	360	396	395
351	4	361	362	398	397
352	4	362	363	399	398
353	4	363	364	400	399
354	4	364	365	401	400
355	4	365	366	402	401
356	4	366	367	403	402
357	4	367	368	404	403
358	4	368	369	405	404
359	4	369	370	406	405
360	4	370	371	407	406
361	4	371	372	408	407
362	4	372	373	409	408
363	4	373	374	410	409
364	4	374	375	411	410
365	4	375	376	412	411
366	4	376	377	413	412
367	4	377	378	414	413
368	4	378	379	415	414
369	4	379	380	416	415
370	4	380	381	417	416
371	4	381	382	418	417
372	4	382	383	419	418
373	4	383	384	420	419
374	4	384	385	421	420
375	4	385	386	422	421
376	4	386	387	423	422
377	4	387	388	424	423
378	4	388	389	425	424
379	4	389	390	426	425
380	4	390	391	427	426
381	4	391	392	428	427
382	4	392	393	429	428
383	4	393	394	430	429
384	4	394	395	431	430
385	4	395	396	432	431
386	4	397	398	434	433
387	4	398	399	435	434
388	4	399	400	436	435
389	4	400	401	437	436
390	4	401	402	438	437
391	4	402	403	439	438
392	4	403	404	440	439
393	4	404	405	441	440
394	4	405	406	442	441
395	4	406	407	443	442
396	4	407	408	444	443
397	4	408	409	445	444
398	4	409	410	446	445
399	4	410	411	447	446
400	4	411	412	448	447
401	4	412	413	449	448
402	4	413	414	450	449
403	4	414	415	451	450
404	4	415	416	452	451
405	4	416	417	453	452
406	4	417	418	454	453
407	4	418	419	455	454
408	4	419	420	456	455
409	4	420	421	457	456
410	4	421	422	458	457
411	4	422	423	459	458
412	4	423	424	460	459
413	4	424	425	461	460
414	4	425	426	462	461
415	4	426	427	463	462
416	4	427	428	464	463
417	4	428	429	465	464
418	4	429	430	466	465
419	4	430	431	467	466
420	4	431	432	468	467
421	4	433	434	470	469
422	4	434	435	471	470
423	4	435	436	472	471
424	4	436	437	473	472
425	4	437	438	474	473
426	4	438	439	475	474
427	4	439	440	476	475
428	4	440	441	477	476
429	4	441	442	478	477
430	4	442	443	479	478
431	4	443	444	480	479
432	4	444	445	481	480
433	4	445	446	482	481
434	4	446	447	483	482
435	4	447	448	484	483
436	4	448	449	485	484
437	4	449	450	486	485
438	4	450	451	487	486
439	4	451	452	488	487
440	4	452	453	489	488
441	4	453	454	490	489
442	4	454	455	491	490
443	4	455	456	492	491
444	4	456	457	493	492
445	4	457	458	494	493
446	4	458	459	495	494
447	4	459	460	496	495
448	4	460	461	497	496
449	4	461	462	498	497
450	4	462	463	499	498
451	4	463	464	500	499
452	4	464	465	501	500
453	4	465	466	502	501
454	4	466	467	503	502
455	4	467	468	504	503
456	4	469	470	506	505
457	4	470	471	507	506
458	4	471	472	508	507
459	4	472	473	509	508
460	4	473	474	510	509
461	4	474	475	511	510
462	4	475	476	512	511
463	4	476	477	513	512
464	4	477	478	514	513
465	4	478	479	515	514
466	4	479	480	516	515
467	4	480	481	517	516
468	4	481	482	518	517
469	4	482	483	519	518
470	4	483	484	520	519
471	4	484	485	521	520
472	4	485	486	522	521
473	4	486	487	523	522
474	4	487	488	524	523
475	4	488	489	525	524
476	4	489	490	526	525
477	4	490	491	527	526
478	4	491	492	528	527
479	4	492	493	529	528
480	4	493	494	530	529
481	4	494	495	531	530
482	4	495	496	532	531
483	4	496	497	533	532
484	4	497	498	534	533
485	4	498	499	535	534
486	4	499	500	536	535
487	4	500	501	537	536
488	4	501	502	538	537
489	4	502	503	539	538
490	4	503	504	540	539
491	4	505	506	542	541
492	4	506	507	543	542
493	4	507	508	544	543
494	4	508	509	545	544
495	4	509	510	546	545
496	4	510	511	547	546
497	4	511	512	548	547
498	4	512	513	549	548
499	4	513	514	550	549
500	4	514	515	551	550
501	4	515	516	552	551
502	4	516	517	553	552
503	4	517	518	554	553
504	4	518	519	555	554
505	4	519	520	556	555
506	4	520	521	557	556
507	4	521	522	558	557
508	4	522	523	559	558
509	4	523	524	560	559
510	4	524	525	561	560
511	4	525	526	562	561
512	4	526	527	563	562
513	4	527	528	564	563
514	4	528	529	565	564
515	4	529	530	566	565
516	4	530	531	567	566
517	4	531	532	568	567
518	4	532	533	569	568
519	4	533	534	570	569
520	4	534	535	571	570
521	4	535	536	572	571
522	4	536	537	573	572
523	4	537	538	574	573
524	4	538	539	575	574
525	4	539	540	576	575
526	4	541	542	578	577
527	4	542	543	579	578
528	4	543	544	580	579
529	4	544	545	581	580
530	4	545	546	582	581
531	4	546	547	583	582
532	4	547	548	584	583
533	4	548	549	585	584
534	4	549	550	586	585
535	4	550	551	587	586
536	4	551	552	588	587
537	4	552	553	589	588
538	4	553	554	590	589
539	4	554	555	591	590
540	4	555	556	592	591
541	4	556	557	593	592
542	4	557	558	594	593
543	4	558	559	595	594
544	4	559	560	596	595
545	4	560	561	597	596
546	4	561	562	598	597
547	4	562	563	599	598
548	4	563	564	600	599
549	4	564	565	601	600
550	4	565	566	602	601
551	4	566	567	603	602
552	4	567	568	604	603
553	4	568	569	605	604
554	4	569	570	606	605
555	4	570	571	607	606
556	4	571	572	608	607
557	4	572	573	609	608
558	4	573	574	610	609
559	4	574	575	611	610
560	4	575	576	612	611
561	4	577	578	614	613
562	4	578	579	615	614
563	4	579	580	616	615
564	4	580	581	617	616
565	4	581	582	618	617
566	4	582	583	619	618
567	4	583	584	620	619
568	4	584	585	621	620
569	4	585	586	622	621
570	4	586	587	623	622
571	4	587	588	624	623
572	4	588	589	625	624
573	4	589	590	626	625
574	4	590	591	627	626
575	4	591	592	628	627
576	4	592	593	629	628
577	4	593	594	630	629
578	4	594	595	631	630
579	4	595	596	632	631
580	4	596	597	633	632
581	4	597	598	634	633
582	4	598	599	635	634
583	4	599	600	636	635
584	4	600	601	637	636
585	4	601	602	638	637
586	4	602	603	639	638
587	4	603	604	640	639
588	4	604	605	641	640
589	4	605	606	642	641
590	4	606	607	643	642
591	4	607	608	644	643
592	4	608	609	645	644
593	4	609	610	646	645
594	4	610	611	647	646
595	4	611	612	648	647
596	4	613	614	650	649
597	4	614	615	651	650
598	4	615	616	652	651
599	4	616	617	653	652
600	4	617	618	654	653
601	4	618	619	655	654
602	4	619	620	656	655
603	4	620	621	657	656
604	4	621	622	658	657
605	4	622	623	659	658
606	4	623	624	660	659
607	4	624	625	661	660
608	4	625	626	662	661
609	4	626	627	663	662
610	4	627	628	664	663
611	4	628	629	665	664
612	4	629	630	666	665
613	4	630	631	667	666
614	4	631	632	668	667
615	4	632	633	669	668
616	4	633	634	670	669
617	4	634	635	671	670
618	4	635	636	672	671
619	4	636	637	673	672
620	4	637	638	674	673
621	4	638	639	675	674
622	4	639	640	676	675
623	4	640	641	677	676
624	4	641	642	678	677
625	4	642	643	679	678
626	4	643	644	680	679
627	4	644	645	681	680
628	4	645	646	682	681
629	4	646	647	683	682
630	4	647	648	684	683
631	4	649	650	686	685
632	4	650	651	687	686
633	4	651	652	688	687
634	4	652	653	689	688
635	4	653	654	690	689
636	4	654	655	691	690
637	4	655	656	692	691
638	4	656	657	693	692
639	4	657	658	694	693
640	4	658	659	695	694
641	4	659	660	696	695
642	4	660	661	697	696
643	4	661	662	698	697
644	4	662	663	699	698
645	4	663	664	700	699
646	4	664	665	701	700
647	4	665	666	702	701
648	4	666	667	703	702
649	4	667	668	704	703
650	4	668	669	705	704
651	4	669	670	706	705
652	4	670	671	707	706
653	4	671	672	708	707
654	4	672	673	709	708
655	4	673	674	710	709
656	4	674	675	711	710
657	4	675	676	712	711
658	4	676	677	713	712
659	4	677	678	714	713
660	4	678	679	715	714
661	4	679	680	716	715
662	4	680	681	717	716
663	4	681	682	718	717
664	4	682	683	719	718
665	4	683	684	720	719
666	4	685	686	722	721
667	4	686	687	723	722
668	4	687	688	724	723
669	4	688	689	725	724
670	4	689	690	726	725
671	4	690	691	727	726
672	4	691	692	728	727
673	4	692	693	729	728
674	4	693	694	730	729
675	4	694	695	731	730
676	4	695	696	732	731
677	4	696	697	733	732
678	4	697	698	734	733
679	4	698	699	735	734
680	4	699	700	736	735
681	4	700	701	737	736
682	4	701	702	738	737
683	4	702	703	739	738
684	4	703	704	740	739
685	4	704	705	741	740
686	4	705	706	742	741
687	4	706	707	743	742
688	4	707	708	744	743
689	4	708	709	745	744
690	4	709	710	746	745
691	4	710	711	747	746
692	4	711	712	748	747
693	4	712	713	749	748
694	4	713	714	750	749
695	4	714	715	751	750
696	4	715	716	752	751
697	4	716	717	753	752
698	4	717	718	754	753
699	4	718	719	755	754
700	4	719	720	756	755
701	4	721	722	758	757
702	4	722	723	759	758
703	4	723	724	760	759
704	4	724	725	761	760
705	4	725	726	762	761
706	4	726	727	763	762
707	4	727	728	764	763
708	4	728	729	765	764
709	4	729	730	766	765
710	4	730	731	767	766
711	4	731	732	768	767
712	4	732	733	769	768
713	4	733	734	770	769
714	4	734	735	771	770
715	4	735	736	772	771
716	4	736	737	773	772
717	4	737	738	774	773
718	4	738	739	775	774
719	4	739	740	776	775
720	4	740	741	777	776
721	4	741	742	778	777
722	4	742	743	779	778
723	4	743	744	780	779
724	4	744	745	781	780
725	4	745	746	782	781
726	4	746	747	783	782
727	4	747	748	784	783
728	4	748	749	785	784
729	4	749	750	786	785
730	4	750	751	787	786
731	4	751	752	788	787
732	4	752	753	789	788
733	4	753	754	790	789
734	4	754	755	791	790
735	4	755	756	792	791
736	4	757	758	794	793
737	4	758	759	795	794
738	4	759	760	796	795
739	4	760	761	797	796
740	4	761	762	798	797
741	4	762	763	799	798
742	4	763	764	800	799
743	4	764	765	801	800
744	4	765	766	802	801
745	4	766	767	803	802
746	4	767	768	804	803
747	4	768	769	805	804
748	4	769	770	806	805
749	4	770	771	807	806
750	4	771	772	808	807
751	4	772	773	809	808
752	4	773	774	810	809
753	4	774	775	811	810
754	4	775	776	812	811
755	4	776	777	813	812
756	4	777	778	814	813
757	4	778	779	815	814
758	4	779	780	816	815
759	4	780	781	817	816
760	4	781	782	818	817
761	4	782	783	819	818
762	4	783	784	820	819
763	4	784	785	821	820
764	4	785	786	822	821
765	4	786	787	823	822
766	4	787	788	824	823
767	4	788	789	825	824
768	4	789	790	826	825
769	4	790	791	827	826
770	4	791	792	828	827
771	4	793	794	830	829
772	4	794	795	831	830
773	4	795	796	832	831
774	4	796	797	833	832
775	4	797	798	834	833
776	4	798	799	835	834
777	4	799	800	836	835
778	4	800	801	837	836
779	4	801	802	838	837
780	4	802	803	839	838
781	4	803	804	840	839
782	4	804	805	841	840
783	4	805	806	842	841
784	4	806	807	843	842
785	4	807	808	844	843
786	4	808	809	845	844
787	4	809	810	846	845
788	4	810	811	847	846
789	4	811	812	848	847
790	4	812	813	849	848
791	4	813	814	850	849
792	4	814	815	851	850
793	4	815	816	852	851
794	4	816	817	853	852
795	4	817	818	854	853
796	4	818	819	855	854
797	4	819	820	856	855
798	4	820	821	857	856
799	4	821	822	858	857
800	4	822	823	859	858
801	4	823	824	860	859
802	4	824	825	861	860
803	4	825	826	862	861
804	4	826	827	863	862
805	4	827	828	864	863
806	4	831	832	868	867
807	4	832	833	869	868
808	4	833	834	870	869
809	4	834	835	871	870
810	4	835	836	872	871
811	4	836	837	873	872
812	4	837	838	874	873
813	4	838	839	875	874
814	4	839	840	876	875
815	4	840	841	877	876
816	4	841	842	878	877
817	4	842	843	879	878
818	4	843	844	880	879
819	4	844	845	881	880
820	4	845	846	882	881
821	4	846	847	883	882
822	4	847	848	884	883
823	4	848	849	885	884
824	4	849	850	886	885
825	4	850	851	887	886
826	4	851	852	888	887
827	4	852	853	889	888
828	4	853	854	890	889
829	4	854	855	891	890
830	4	855	856	892	891
831	4	856	857	893	892
832	4	857	858	894	893
833	4	858	859	895	894
834	4	859	860	896	895
835	4	860	861	897	896
836	4	861	862	898	897
837	4	862	863	899	898
838	4	863	864	900	899
839	4	865	866	902	901
840	4	866	867	903	902
841	4	867	868	904	903
842	4	868	869	905	904
843	4	869	870	906	905
844	4	870	871	907	906
845	4	871	872	908	907
846	4	872	873	909	908
847	4	873	874	910	909
848	4	874	875	911	910
849	4	875	876	912	911
850	4	876	877	913	912
851	4	877	878	914	913
852	4	878	879	915	914
853	4	879	880	916	915
854	4	880	881	917	916
855	4	881	882	918	917
856	4	882	883	919	918
857	4	883	884	920	919
858	4	884	885	921	920
859	4	885	886	922	921
860	4	886	887	923	922
861	4	887	888	924	923
862	4	888	889	925	924
863	4	889	890	926	925
864	4	890	891	927	926
865	4	891	892	928	927
866	4	892	893	929	928
867	4	893	894	930	929
868	4	894	895	931	930
869	4	895	896	932	931
870	4	896	897	933	932
871	4	897	898	934	933
872	4	898	899	935	934
873	4	899	900	936	935
874	4	901	902	938	937
875	4	902	903	939	938
876	4	903	904	940	939
877	4	904	905	941	940
878	4	905	906	942	941
879	4	906	907	943	942
880	4	907	908	944	943
881	4	908	909	945	944
882	4	909	910	946	945
883	4	910	911	947	946
884	4	911	912	948	947
885	4	912	913	949	948
886	4	913	914	950	949
887	4	914	915	951	950
888	4	915	916	952	951
889	4	916	917	953	952
890	4	917	918	954	953
891	4	918	919	955	954
892	4	919	920	956	955
893	4	920	921	957	956
894	4	921	922	958	957
895	4	922	923	959	958
896	4	923	924	960	959
897	4	924	925	961	960
898	4	925	926	962	961
899	4	926	927	963	962
900	4	927	928	964	963
901	4	928	929	965	964
902	4	929	930	966	965
903	4	930	931	967	966
904	4	931	932	968	967
905	4	932	933	969	968
906	4	933	934	970	969
907	4	934	935	971	970
908	4	935	936	972	971
909	4	937	938	974	973
910	4	938	939	975	974
911	4	939	940	976	975
912	4	940	941	977	976
913	4	941	942	978	977
914	4	942	943	979	978
915	4	943	944	980	979
916	4	944	945	981	980
917	4	945	946	982	981
918	4	946	947	983	982
919	4	947	948	984	983
920	4	948	949	985	984
921	4	949	950	986	985
922	4	950	951	987	986
923	4	951	952	988	987
924	4	952	953	989	988
925	4	953	954	990	989
926	4	954	955	991	990
927	4	955	956	992	991
928	4	956	957	993	992
929	4	957	958	994	993
930	4	958	959	995	994
931	4	959	960	996	995
932	4	960	961	997	996
933	4	961	962	998	997
934	4	962	963	999	998
935	4	963	964	1000	999
936	4	964	965	1001	1000
937	4	965	966	1002	1001
938	4	966	967	1003	1002
939	4	967	968	1004	1003
940	4	968	969	1005	1004
941	4	969	970	1006	1005
942	4	970	971	1007	1006
943	4	971	972	1008	1007
944	4	973	974	1010	1009
945	4	974	975	1011	1010
946	4	975	976	1012	1011
947	4	976	977	1013	1012
948	4	977	978	1014	1013
949	4	978	979	1015	1014
950	4	979	980	1016	1015
951	4	980	981	1017	1016
952	4	981	982	1018	1017
953	4	982	983	1019	1018
954	4	983	984	1020	1019
955	4	984	985	1021	1020
956	4	985	986	1022	1021
957	4	986	987	1023	1022
958	4	987	988	1024	1023
959	4	988	989	1025	1024
960	4	989	990	1026	1025
961	4	990	991	1027	1026
962	4	991	992	1028	1027
963	4	992	993	1029	1028
964	4	993	994	1030	1029
965	4	994	995	1031	1030
966	4	995	996	1032	1031
967	4	996	997	1033	1032
968	4	997	998	1034	1033
969	4	998	999	1035	1034
970	4	999	1000	1036	1035
971	4	1000	1001	1037	1036
972	4	1001	1002	1038	1037
973	4	1002	1003	1039	1038
974	4	1003	1004	1040	1039
975	4	1004	1005	1041	1040
976	4	1005	1006	1042	1041
977	4	1009	1010	1046	1045
978	4	1010	1011	1047	1046
979	4	1011	1012	1048	1047
980	4	1012	1013	1049	1048
981	4	1013	1014	1050	1049
982	4	1014	1015	1051	1050
983	4	1015	1016	1052	1051
984	4	1016	1017	1053	1052
985	4	1017	1018	1054	1053
986	4	1018	1019	1055	1054
987	4	1019	1020	1056	1055
988	4	1020	1021	1057	1056
989	4	1021	1022	1058	1057
990	4	1022	1023	1059	1058
991	4	1023	1024	1060	1059
992	4	1024	1025	1061	1060
993	4	1025	1026	1062	1061
994	4	1026	1027	1063	1062
995	4	1027	1028	1064	1063
996	4	1028	1029	1065	1064
997	4	1029	1030	1066	1065
998	4	1030	1031	1067	1066
999	4	1031	1032	1068	1067
1000	4	1032	1033	1069	1068
1001	4	1033	1034	1070	1069
1002	4	1034	1035	1071	1070
1003	4	1035	1036	1072	1071
1004	4	1036	1037	1073	1072
1005	4	1037	1038	1074	1073
1006	4	1038	1039	1075	1074
1007	4	1039	1040	1076	1075
1008	4	1040	1041	1077	1076
1009	4	1041	1042	1078	1077
1010	4	1042	1043	1079	1078
1011	4	1043	1044	1080	1079
1012	4	1045	1046	1082	1081
1013	4	1046	1047	1083	1082
1014	4	1047	1048	1084	1083
1015	4	1048	1049	1085	1084
1016	4	1049	1050	1086	1085
1017	4	1050	1051	1087	1086
1018	4	1051	1052	1088	1087
1019	4	1052	1053	1089	1088
1020	4	1053	1054	1090	1089
1021	4	1054	1055	1091	1090
1022	4	1055	1056	1092	1091
1023	4	1056	1057	1093	1092
1024	4	1057	1058	1094	1093
1025	4	1058	1059	1095	1094
1026	4	1059	1060	1096	1095
1027	4	1060	1061	1097	1096
1028	4	1061	1062	1098	1097
1029	4	1062	1063	1099	1098
1030	4	1063	1064	1100	1099
1031	4	1064	1065	1101	1100
1032	4	1065	1066	1102	1101
1033	4	1066	1067	1103	1102
1034	4	1067	1068	1104	1103
1035	4	1068	1069	1105	1104
1036	4	1069	1070	1106	1105
1037	4	1070	1071	1107	1106
1038	4	1071	1072	1108	1107
1039	4	1072	1073	1109	1108
1040	4	1073	1074	1110	1109
1041	4	1074	1075	1111	1110
1042	4	1075	1076	1112	1111
1043	4	1076	1077	1113	1112
1044	4	1077	1078	1114	1113
1045	4	1078	1079	1115	1114
1046	4	1079	1080	1116	1115
1047	4	1081	1082	1118	1117
1048	4	1082	1083	1119	1118
1049	4	1083	1084	1120	1119
1050	4	1084	1085	1121	1120
1051	4	1085	1086	1122	1121
1052	4	1086	1087	1123	1122
1053	4	1087	1088	1124	1123
1054	4	1088	1089	1125	1124
1055	4	1089	1090	1126	1125
1056	4	1090	1091	1127	1126
1057	4	1091	1092	1128	1127
1058	4	1092	1093	1129	1128
1059	4	1093	1094	1130	1129
1060	4	1094	1095	1131	1130
1061	4	1095	1096	1132	1131
1062	4	1096	1097	1133	1132
1063	4	1097	1098	1134	1133
1064	4	1098	1099	1135	1134
1065	4	1099	1100	1136	1135
1066	4	1100	1101	1137	1136
1067	4	1101	1102	1138	1137
1068	4	1102	1103	1139	1138
1069	4	1103	1104	1140	1139
1070	4	1104	1105	1141	1140
1071	4	1105	1106	1142	1141
1072	4	1106	1107	1143	1142
1073	4	1107	1108	1144	1143
1074	4	1108	1109	1145	1144
1075	4	1109	1110	1146	1145
1076	4	1110	1111	1147	1146
1077	4	1111	1112	1148	1147
1078	4	1112	1113	1149	1148
1079	4	1113	1114	1150	1149
1080	4	1114	1115	1151	1150
1081	4	1115	1116	1152	1151
1082	4	1117	1118	1154	1153
1083	4	1118	1119	1155	1154
1084	4	1119	1120	1156	1155
1085	4	1120	1121	1157	1156
1086	4	1121	1122	1158	1157
1087	4	1122	1123	1159	1158
1088	4	1123	1124	1160	1159
1089	4	1124	1125	1161	1160
1090	4	1125	1126	1162	1161
1091	4	1126	1127	1163	1162
1092	4	1127	1128	1164	1163
1093	4	1128	1129	1165	1164
1094	4	1129	1130	1166	1165
1095	4	1130	1131	1167	1166
1096	4	1131	1132	1168	1167
1097	4	1132	1133	1169	1168
1098	4	1133	1134	1170	1169
1099	4	1134	1135	1171	1170
1100	4	1135	1136	1172	1171
1101	4	1136	1137	1173	1172
1102	4	1137	1138	1174	1173
1103	4	1138	1139	1175	1174
1104	4	1139	1140	1176	1175
1105	4	1140	1141	1177	1176
1106	4	1141	1142	1178	1177
1107	4	1142	1143	1179	1178
1108	4	1143	1144	1180	1179
1109	4	1144	1145	1181	1180
1110	4	1145	1146	1182	1181
1111	4	1146	1147	1183	1182
1112	4	1147	1148	1184	1183
1113	4	1148	1149	1185	1184
1114	4	1149	1150	1186	1185
1115	4	1150	1151	1187	1186
1116	4	1151	1152	1188	1187
1117	4	1153	1154	1190	1189
1118	4	1154	1155	1191	1190
1119	4	1155	1156	1192	1191
1120	4	1156	1157	1193	1192
1121	4	1157	1158	1194	1193
1122	4	1158	1159	1195	1194
1123	4	1159	1160	1196	1195
1124	4	1160	1161	1197	1196
1125	4	1161	1162	1198	1197
1126	4	1162	1163	1199	1198
1127	4	1163	1164	1200	1199
1128	4	1164	1165	1201	1200
1129	4	1165	1166	1202	1201
1130	4	1166	1167	1203	1202
1131	4	1167	1168	1204	1203
1132	4	1168	1169	1205	1204
1133	4	1169	1170	1206	1205
1134	4	1170	1171	1207	1206
1135	4	1171	1172	1208	1207
1136	4	1172	1173	1209	1208
1137	4	1173	1174	1210	1209
1138	4	1174	1175	1211	1210
1139	4	1175	1176	1212	1211
1140	4	1176	1177	1213	1212
1141	4	1177	1178	1214	1213
1142	4	1178	1179	1215	1214
1143	4	1179	1180	1216	1215
1144	4	1180	1181	1217	1216
1145	4	1181	1182	1218	1217
1146	4	1182	1183	1219	1218
1147	4	1183	1184	1220	1219
1148	4	1184	1185	1221	1220
1149	4	1185	1186	1222	1221
1150	4	1186	1187	1223	1222
1151	4	1187	1188	1224	1223
1152	4	1189	1190	1226	1225
1153	4	1190	1191	1227	1226
1154	4	1191	1192	1228	1227
1155	4	1192	1193	1229	1228
1156	4	1193	1194	1230	1229
1157	4	1194	1195	1231	1230
1158	4	1195	1196	1232	1231
1159	4	1196	1197	1233	1232
1160	4	1197	1198	1234	1233
1161	4	1198	1199	1235	1234
1162	4	1199	1200	1236	1235
1163	4	1200	1201	1237	1236
1164	4	1201	1202	1238	1237
1165	4	1202	1203	1239	1238
1166	4	1203	1204	1240	1239
1167	4	1204	1205	1241	1240
1168	4	1205	1206	1242	1241
1169	4	1206	1207	1243	1242
1170	4	1207	1208	1244	1243
1171	4	1208	1209	1245	1244
1172	4	1209	1210	1246	1245
1173	4	1210	1211	1247	1246
1174	4	1211	1212	1248	1247
1175	4	1212	1213	1249	1248
1176	4	1213	1214	1250	1249
1177	4	1214	1215	1251	1250
1178	4	1215	1216	1252	1251
1179	4	1216	1217	1253	1252
1180	4	1217	1218	1254	1253
1181	4	1218	1219	1255	1254
1182	4	1219	1220	1256	1255
1183	4	1220	1221	1257	1256
1184	4	1221	1222	1258	1257
1185	4	1222	1223	1259	1258
1186	4	1223	1224	1260	1259
1187	4	1225	1226	1262	1261
1188	4	1226	1227	1263	1262
1189	4	1227	1228	1264	1263
1190	4	1228	1229	1265	1264
1191	4	1229	1230	1266	1265
1192	4	1230	1231	1267	1266
1193	4	1231	1232	1268	1267
1194	4	1232	1233	1269	1268
1195	4	1233	1234	1270	1269
1196	4	1234	1235	1271	1270
1197	4	1235	1236	1272	1271
1198	4	1236	1237	1273	1272
1199	4	1237	1238	1274	1273
1200	4	1238	1239	1275	1274
1201	4	1239	1240	1276	1275
1202	4	1240	1241	1277	1276
1203	4	1241	1242	1278	1277
1204	4	1242	1243	1279	1278
1205	4	1243	1244	1280	1279
1206	4	1244	1245	1281	1280
1207	4	1245	1246	1282	1281
1208	4	1246	1247	1283	1282
1209	4	1247	1248	1284	1283
1210	4	1248	1249	1285	1284
1211	4	1249	1250	1286	1285
1212	4	1250	1251	1287	1286
1213	4	1251	1252	1288	1287
1214	4	1252	1253	1289	1288
1215	4	1253	1254	1290	1289
1216	4	1254	1255	1291	1290
1217	4	1255	1256	1292	1291
1218	4	1256	1257	1293	1292
1219	4	1257	1258	1294	1293
1220	4	1258	1259	1295	1294
1221	4	1259	1260	1296	1295
1222	4	1261	1262	1298	1297
1223	4	1262	1263	1299	1298
1224	4	1263	1264	1300	1299
1225	4	1264	1265	1301	1300
1226	4	1265	1266	1302	1301
1227	4	1266	1267	1303	1302
1228	4	1267	1268	1304	1303
1229	4	1268	1269	1305	1304
1230	4	1269	1270	1306	1305
1231	4	1270	1271	1307	1306
1232	4	1271	1272	1308	1307
1233	4	1272	1273	1309	1308
1234	4	1273	1274	1310	1309
1235	4	1274	1275	1311	1310
1236	4	1275	1276	1312	1311
1237	4	1276	1277	1313	1312
1238	4	1277	1278	1314	1313
1239	4	1278	1279	1315	1314
1240	4	1279	1280	1316	1315
1241	4	1280	1281	1317	1316
1242	4	1281	1282	1318	1317
1243	4	1282	1283	1319	1318
1244	4	1283	1284	1320	1319
1245	4	1284	1285	1321	1320
1246	4	1285	1286	1322	1321
1247	4	1286	1287	1323	1322
1248	4	1287	1288	1324	1323
1249	4	1288	1289	1325	1324
1250	4	1289	1290	1326	1325
1251	4	1290	1291	1327	1326
1252	4	1291	1292	1328	1327
1253	4	1292	1293	1329	1328
1254	4	1293	1294	1330	1329
1255	4	1294	1295	1331	1330
1256	4	1295	1296	1332	1331
1257	4	1297	1298	1334	1333
1258	4	1298	1299	1335	1334
1259	4	1299	1300	1336	1335
1260	4	1300	1301	1337	1336
1261	4	1301	1302	1338	1337
1262	4	1302	1303	1339	1338
1263	4	1303	1304	1340	1339
1264	4	1304	1305	1341	1340
1265	4	1305	1306	1342	1341
1266	4	1306	1307	1343	1342
1267	4	1307	1308	1344	1343
1268	4	1308	1309	1345	1344
1269	4	1309	1310	1346	1345
1270	4	1310	1311	1347	1346
1271	4	1311	1312	1348	1347
1272	4	1312	1313	1349	1348
1273	4	1313	1314	1350	1349
1274	4	1314	1315	1351	1350
1275	4	1315	1316	1352	1351
1276	4	1316	1317	1353	1352
1277	4	1317	1318	1354	1353
1278	4	1318	1319	1355	1354
1279	4	1319	1320	1356	1355
1280	4	1320	1321	1357	1356
1281	4	1321	1322	1358	1357
1282	4	1322	1323	1359	1358
1283	4	1323	1324	1360	1359
1284	4	1324	1325	1361	1360
1285	4	1325	1326	1362	1361
1286	4	1326	1327	1363	1362
1287	4	1327	1328	1364	1363
1288	4	1328	1329	1365	1364
1289	4	1329	1330	1366	1365
1290	4	1330	1331	1367	1366
1291	4	1331	1332	1368	1367
1292	4	1333	1334	1370	1369
1293	4	1334	1335	1371	1370
1294	4	1335	1336	1372	1371
1295	4	1336	1337	1373	1372
1296	4	1337	1338	1374	1373
1297	4	1338	1339	1375	1374
1298	4	1339	1340	1376	1375
1299	4	1340	1341	1377	1376
1300	4	1341	1342	1378	1377
1301	4	1342	1343	1379	1378
1302	4	1343	1344	1380	1379
1303	4	1344	1345	1381	1380
1304	4	1345	1346	1382	1381
1305	4	1346	1347	1383	1382
1306	4	1347	1348	1384	1383
1307	4	1348	1349	1385	1384
1308	4	1349	1350	1386	1385
1309	4	1350	1351	1387	1386
1310	4	1351	1352	1388	1387
1311	4	1352	1353	1389	1388
1312	4	1353	1354	1390	1389
1313	4	1354	1355	1391	1390
1314	4	1355	1356	1392	1391
1315	4	1356	1357	1393	1392
1316	4	1357	1358	1394	1393
1317	4	1358	1359	1395	1394
1318	4	1359	1360	1396	1395
1319	4	1360	1361	1397	1396
1320	4	1361	1362	1398	1397
1321	4	1362	1363	1399	1398
1322	4	1363	1364	1400	1399
1323	4	1364	1365	1401	1400
1324	4	1365	1366	1402	1401
1325	4	1366	1367	1403	1402
1326	4	1367	1368	1404	1403
1327	4	1369	1370	1406	1405
1328	4	1370	1371	1407	1406
1329	4	1371	1372	1408	1407
1330	4	1372	1373	1409	1408
1331	4	1373	1374	1410	1409
1332	4	1374	1375	1411	1410
1333	4	1375	1376	1412	1411
1334	4	1376	1377	1413	1412
1335	4	1377	1378	1414	1413
1336	4	1378	1379	1415	1414
1337	4	1379	1380	1416	1415
1338	4	1380	1381	1417	1416
1339	4	1381	1382	1418	1417
1340	4	1382	1383	1419	1418
1341	4	1383	1384	1420	1419
1342	4	1384	1385	1421	1420
1343	4	1385	1386	1422	1421
1344	4	1386	1387	1423	1422
1345	4	1387	1388	1424	1423
1346	4	1388	1389	1425	1424
1347	4	1389	1390	1426	1425
1348	4	1390	1391	1427	1426
1349	4	1391	1392	1428	1427
1350	4	1392	1393	1429	1428
1351	4	1393	1394	1430	1429
1352	4	1394	1395	1431	1430
1353	4	1395	1396	1432	1431
1354	4	1396	1397	1433	1432
1355	4	1397	1398	1434	1433
1356	4	1398	1399	1435	1434
1357	4	1399	1400	1436	1435
1358	4	1400	1401	1437	1436
1359	4	1401	1402	1438	1437
1360	4	1402	1403	1439	1438
1361	4	1403	1404	1440	1439
1362	4	1405	1406	1442	1441
1363	4	1406	1407	1443	1442
1364	4	1407	1408	1444	1443
1365	4	1408	1409	1445	1444
1366	4	1409	1410	1446	1445
1367	4	1410	1411	1447	1446
1368	4	1411	1412	1448	1447
1369	4	1412	1413	1449	1448
1370	4	1413	1414	1450	1449
1371	4	1414	1415	1451	1450
1372	4	1415	1416	1452	1451
1373	4	1416	1417	1453	1452
1374	4	1417	1418	1454	1453
1375	4	1418	1419	1455	1454
1376	4	1419	1420	1456	1455
1377	4	1420	1421	1457	1456
1378	4	1421	1422	1458	1457
1379	4	1422	1423	1459	1458
1380	4	1423	1424	1460	1459
1381	4	1424	1425	1461	1460
1382	4	1425	1426	1462	1461
1383	4	1426	1427	1463	1462
1384	4	1427	1428	1464	1463
1385	4	1428	1429	1465	1464
1386	4	1429	1430	1466	1465
1387	4	1430	1431	1467	1466
1388	4	1431	1432	1468	1467
1389	4	1432	1433	1469	1468
1390	4	1433	1434	1470	1469
1391	4	1434	1435	1471	1470
1392	4	1435	1436	1472	1471
1393	4	1436	1437	1473	1472
1394	4	1437	1438	1474	1473
1395	4	1438	1439	1475	1474
1396	4	1439	1440	1476	1475
1397	4	1441	1442	1478	1477
1398	4	1442	1443	1479	1478
1399	4	1443	1444	1480	1479
1400	4	1444	1445	1481	1480
1401	4	1445	1446	1482	1481
1402	4	1446	1447	1483	1482
1403	4	1447	1448	1484	1483
1404	4	1448	1449	1485	1484
1405	4	1449	1450	1486	1485
1406	4	1450	1451	1487	1486
1407	4	1451	1452	1488	1487
1408	4	1452	1453	1489	1488
1409	4	1453	1454	1490	1489
1410	4	1454	1455	1491	1490
1411	4	1455	1456	1492	1491
1412	4	1456	1457	1493	1492
1413	4	1457	1458	1494	1493
1414	4	1458	1459	1495	1494
1415	4	1459	1460	1496	1495
1416	4	1460	1461	1497	1496
1417	4	1461	1462	1498	1497
1418	4	1462	1463	1499	1498
1419	4	1463	1464	1500	1499
1420	4	1464	1465	1501	1500
1421	4	1465	1466	1502	1501
1422	4	1466	1467	1503	1502
1423	4	1467	1468	1504	1503
1424	4	1468	1469	1505	1504
1425	4	1469	1470	1506	1505
1426	4	1470	1471	1507	1506
1427	4	1471	1472	1508	1507
1428	4	1472	1473	1509	1508
1429	4	1473	1474	1510	1509
1430	4	1474	1475	1511	1510
1431	4	1475	1476	1512	1511
1432	4	1477	1478	1514	1513
1433	4	1478	1479	1515	1514
1434	4	1479	1480	1516	1515
1435	4	1480	1481	1517	1516
1436	4	1481	1482	1518	1517
1437	4	1482	1483	1519	1518
1438	4	1483	1484	1520	1519
1439	4	1484	1485	1521	1520
1440	4	1485	1486	1522	1521
1441	4	1486	1487	1523	1522
1442	4	1487	1488	1524	1523
1443	4	1488	1489	1525	1524
1444	4	1489	1490	1526	1525
1445	4	1490	1491	1527	1526
1446	4	1491	1492	1528	1527
1447	4	1492	1493	1529	1528
1448	4	1493	1494	1530	1529
1449	4	1494	1495	1531	1530
1450	4	1495	1496	1532	1531
1451	4	1496	1497	1533	1532
1452	4	1497	1498	1534	1533
1453	4	1498	1499	1535	1534
1454	4	1499	1500	1536	1535
1455	4	1500	1501	1537	1536
1456	4	1501	1502	1538	1537
1457	4	1502	1503	1539	1538
1458	4	1503	1504	1540	1539
1459	4	1504	1505	1541	1540
1460	4	1505	1506	1542	1541
1461	4	1506	1507	1543	1542
1462	4	1507	1508	1544	1543
1463	4	1508	1509	1545	1544
1464	4	1509	1510	1546	1545
1465	4	1510	1511	1547	1546
1466	4	1511	1512	1548	1547
1467	4	1513	1514	1550	1549
1468	4	1514	1515	1551	1550
1469	4	1515	1516	1552	1551
1470	4	1516	1517	1553	1552
1471	4	1517	1518	1554	1553
1472	4	1518	1519	1555	1554
1473	4	1519	1520	1556	1555
1474	4	1520	1521	1557	1556
1475	4	1521	1522	1558	1557
1476	4	1522	1523	1559	1558
1477	4	1523	1524	1560	1559
1478	4	1524	1525	1561	1560
1479	4	1525	1526	1562	1561
1480	4	1526	1527	1563	1562
1481	4	1527	1528	1564	1563
1482	4	1528	1529	1565	1564
1483	4	1529	1530	1566	1565
1484	4	1530	1531	1567	1566
1485	4	1531	1532	1568	1567
1486	4	1532	1533	1569	1568
1487	4	1533	1534	1570	1569
1488	4	1534	1535	1571	1570
1489	4	1535	1536	1572	1571
1490	4	1536	1537	1573	1572
1491	4	1537	1538	1574	1573
1492	4	1538	1539	1575	1574
1493	4	1539	1540	1576	1575
1494	4	1540	1541	1577	1576
1495	4	1541	1542	1578	1577
1496	4	1542	1543	1579	1578
1497	4	1543	1544	1580	1579
1498	4	1544	1545	1581	1580
1499	4	1545	1546	1582	1581
1500	4	1546	1547	1583	1582
1501	4	1547	1548	1584	1583
1502	4	1549	1550	1586	1585
1503	4	1550	1551	1587	1586
1504	4	1551	1552	1588	1587
1505	4	1552	1553	1589	1588
1506	4	1553	1554	1590	1589
1507	4	1554	1555	1591	1590
1508	4	1555	1556	1592	1591
1509	4	1556	1557	1593	1592
1510	4	1557	1558	1594	1593
1511	4	1558	1559	1595	1594
1512	4	1559	1560	1596	1595
1513	4	1560	1561	1597	1596
1514	4	1561	1562	1598	1597
1515	4	1562	1563	1599	1598
1516	4	1563	1564	1600	1599
1517	4	1564	1565	1601	1600
1518	4	1565	1566	1602	1601
1519	4	1566	1567	1603	1602
1520	4	1567	1568	1604	1603
1521	4	1568	1569	1605	1604
1522	4	1569	1570	1606	1605
1523	4	1570	1571	1607	1606
1524	4	1571	1572	1608	1607
1525	4	1572	1573	1609	1608
1526	4	1573	1574	1610	1609
1527	4	1574	1575	1611	1610
1528	4	1575	1576	1612	1611
1529	4	1576	1577	1613	1612
1530	4	1577	1578	1614	1613
1531	4	1578	1579	1615	1614
1532	4	1579	1580	1616	1615
1533	4	1580	1581	1617	1616
1534	4	1581	1582	1618	1617
1535	4	1582	1583	1619	1618
1536	4	1583	1584	1620	1619
1537	4	1585	1586	1622	1621
1538	4	1586	1587	1623	1622
1539	4	1587	1588	1624	1623
1540	4	1588	1589	1625	1624
1541	4	1589	1590	1626	1625
1542	4	1590	1591	1627	1626
1543	4	1591	1592	1628	1627
1544	4	1592	1593	1629	1628
1545	4	1593	1594	1630	1629
1546	4	1594	1595	1631	1630
1547	4	1595	1596	1632	1631
1548	4	1596	1597	1633	1632
1549	4	1597	1598	1634	1633
1550	4	1598	1599	1635	1634
1551	4	1599	1600	1636	1635
1552	4	1600	1601	1637	1636
1553	4	1601	1602	1638	1637
1554	4	1602	1603	1639	1638
1555	4	1603	1604	1640	1639
1556	4	1604	1605	1641	1640
1557	4	1605	1606	1642	1641
1558	4	1606	1607	1643	1642
1559	4	1607	1608	1644	1643
1560	4	1608	1609	1645	1644
1561	4	1609	1610	1646	1645
1562	4	1610	1611	1647	1646
1563	4	1611	1612	1648	1647
1564	4	1612	1613	1649	1648
1565	4	1613	1614	1650	1649
1566	4	1614	1615	1651	1650
1567	4	1615	1616	1652	1651
1568	4	1616	1617	1653	1652
1569	4	1617	1618	1654	1653
1570	4	1618	1619	1655	1654
1571	4	1619	1620	1656	1655
1572	4	1621	1622	1658	1657
1573	4	1622	1623	1659	1658
1574	4	1623	1624	1660	1659
1575	4	1624	1625	1661	1660
1576	4	1625	1626	1662	1661
1577	4	1626	1627	1663	1662
1578	4	1627	1628	1664	1663
1579	4	1628	1629	1665	1664
1580	4	1629	1630	1666	1665
1581	4	1630	1631	1667	1666
1582	4	1631	1632	1668	1667
1583	4	1632	1633	1669	1668
1584	4	1633	1634	1670	1669
1585	4	1634	1635	1671	1670
1586	4	1635	1636	1672	1671
1587	4	1636	1637	1673	1672
1588	4	1637	1638	1674	1673
1589	4	1638	1639	1675	1674
1590	4	1639	1640	1676	1675
1591	4	1640	1641	1677	1676
1592	4	1641	1642	1678	1677
1593	4	1642	1643	1679	1678
1594	4	1643	1644	1680	1679
1595	4	1644	1645	1681	1680
1596	4	1645	1646	1682	1681
1597	4	1646	1647	1683	1682
1598	4	1647	1648	1684	1683
1599	4	1648	1649	1685	1684
1600	4	1649	1650	1686	1685
1601	4	1650	1651	1687	1686
1602	4	1651	1652	1688	1687
1603	4	1652	1653	1689	1688
1604	4	1653	1654	1690	1689
1605	4	1654	1655	1691	1690
1606	4	1655	1656	1692	1691
1607	4	1657	1658	1694	1693
1608	4	1658	1659	1695	1694
1609	4	1659	1660	1696	1695
1610	4	1660	1661	1697	1696
1611	4	1661	1662	1698	1697
1612	4	1662	1663	1699	1698
1613	4	1663	1664	1700	1699
1614	4	1664	1665	1701	1700
1615	4	1665	1666	1702	1701
1616	4	1666	1667	1703	1702
1617	4	1667	1668	1704	1703
1618	4	1668	1669	1705	1704
1619	4	1669	1670	1706	1705
1620	4	1670	1671	1707	1706
1621	4	1671	1672	1708	1707
1622	4	1672	1673	1709	1708
1623	4	1673	1674	1710	1709
1624	4	1674	1675	1711	1710
1625	4	1675	1676	1712	1711
1626	4	1676	1677	1713	1712
1627	4	1677	1678	1714	1713
1628	4	1678	1679	1715	1714
1629	4	1679	1680	1716	1715
1630	4	1680	1681	1717	1716
1631	4	1681	1682	1718	1717
1632	4	1682	1683	1719	1718
1633	4	1683	1684	1720	1719
1634	4	1684	1685	1721	1720
1635	4	1685	1686	1722	1721
1636	4	1686	1687	1723	1722
1637	4	1687	1688	1724	1723
1638	4	1688	1689	1725	1724
1639	4	1689	1690	1726	1725
1640	4	1690	1691	1727	1726
1641	4	1691	1692	1728	1727
1642	4	1693	1694	1730	1729
1643	4	1694	1695	1731	1730
1644	4	1695	1696	1732	1731
1645	4	1696	1697	1733	1732
1646	4	1697	1698	1734	1733
1647	4	1698	1699	1735	1734
1648	4	1699	1700	1736	1735
1649	4	1700	1701	1737	1736
1650	4	1701	1702	1738	1737
1651	4	1702	1703	1739	1738
1652	4	1703	1704	1740	1739
1653	4	1704	1705	1741	1740
1654	4	1705	1706	1742	1741
1655	4	1706	1707	1743	1742
1656	4	1707	1708	1744	1743
1657	4	1708	1709	1745	1744
1658	4	1709	1710	1746	1745
1659	4	1710	1711	1747	1746
1660	4	1711	1712	1748	1747
1661	4	1712	1713	1749	1748
1662	4	1713	1714	1750	1749
1663	4	1714	1715	1751	1750
1664	4	1715	1716	1752	1751
1665	4	1716	1717	1753	1752
1666	4	1717	1718	1754	1753
1667	4	1718	1719	1755	1754
1668	4	1719	1720	1756	1755
1669	4	1720	1721	1757	1756
1670	4	1721	1722	1758	1757
1671	4	1722	1723	1759	1758
1672	4	1723	1724	1760	1759
1673	4	1724	1725	1761	1760
1674	4	1725	1726	1762	1761
1675	4	1726	1727	1763	1762
1676	4	1727	1728	1764	1763
1677	4	1729	1730	1766	1765
1678	4	1730	1731	1767	1766
1679	4	1731	1732	1768	1767
1680	4	1732	1733	1769	1768
1681	4	1733	1734	1770	1769
1682	4	1734	1735	1771	1770
1683	4	1735	1736	1772	1771
1684	4	1736	1737	1773	1772
1685	4	1737	1738	1774	1773
1686	4	1738	1739	1775	1774
1687	4	1739	1740	1776	1775
1688	4	1740	1741	1777	1776
1689	4	1741	1742	1778	1777
1690	4	1742	1743	1779	1778
1691	4	1743	1744	1780	1779
1692	4	1744	1745	1781	1780
1693	4	1745	1746	1782	1781
1694	4	1746	1747	1783	1782
1695	4	1747	1748	1784	1783
1696	4	1748	1749	1785	1784
1697	4	1749	1750	1786	1785
1698	4	1750	1751	1787	1786
1699	4	1751	1752	1788	1787
1700	4	1752	1753	1789	1788
1701	4	1753	1754	1790	1789
1702	4	1754	1755	1791	1790
1703	4	1755	1756	1792	1791
1704	4	1756	1757	1793	1792
1705	4	1757	1758	1794	1793
1706	4	1758	1759	1795	1794
1707	4	1759	1760	1796	1795
1708	4	1760	1761	1797	1796
1709	4	1761	1762	1798	1797
1710	4	1762	1763	1799	1798
1711	4	1763	1764	1800	1799
1712	4	1765	1766	1802	1801
1713	4	1766	1767	1803	1802
1714	4	1767	1768	1804	1803
1715	4	1768	1769	1805	1804
1716	4	1769	1770	1806	1805
1717	4	1770	1771	1807	1806
1718	4	1771	1772	1808	1807
1719	4	1772	1773	1809	1808
1720	4	1773	1774	1810	1809
1721	4	1774	1775	1811	1810
1722	4	1775	1776	1812	1811
1723	4	1776	1777	1813	1812
1724	4	1777	1778	1814	1813
1725	4	1778	1779	1815	1814
1726	4	1779	1780	1816	1815
1727	4	1780	1781	1817	1816
1728	4	1781	1782	1818	1817
1729	4	1782	1783	1819	1818
1730	4	1783	1784	1820	1819
1731	4	1784	1785	1821	1820
1732	4	1785	1786	1822	1821
1733	4	1786	1787	1823	1822
1734	4	1787	1788	1824	1823
1735	4	1788	1789	1825	1824
1736	4	1789	1790	1826	1825
1737	4	1790	1791	1827	1826
1738	4	1791	1792	1828	1827
1739	4	1792	1793	1829	1828
1740	4	1793	1794	1830	1829
1741	4	1794	1795	1831	1830
1742	4	1795	1796	1832	1831
1743	4	1796	1797	1833	1832
1744	4	1797	1798	1834	1833
1745	4	1798	1799	1835	1834
1746	4	1799	1800	1836	1835
1747	4	1801	1802	1838	1837
1748	4	1802	1803	1839	1838
1749	4	1803	1804	1840	1839
1750	4	1804	1805	1841	1840
1751	4	1805	1806	1842	1841
1752	4	1806	1807	1843	1842
1753	4	1807	1808	1844	1843
1754	4	1808	1809	1845	1844
1755	4	1809	1810	1846	1845
1756	4	1810	1811	1847	1846
1757	4	1811	1812	1848	1847
1758	4	1812	1813	1849	1848
1759	4	1813	1814	1850	1849
1760	4	1814	1815	1851	1850
1761	4	1815	1816	1852	1851
1762	4	1816	1817	1853	1852
1763	4	1817	1818	1854	1853
1764	4	1818	1819	1855	1854
1765	4	1819	1820	1856	1855
1766	4	1820	1821	1857	1856
1767	4	1821	1822	1858	1857
1768	4	1822	1823	1859	1858
1769	4	1823	1824	1860	1859
1770	4	1824	1825	1861	1860
1771	4	1825	1826	1862	1861
1772	4	1826	1827	1863	1862
1773	4	1827	1828	1864	1863
1774	4	1828	1829	1865	1864
1775	4	1829	1830	1866	1865
1776	4	1830	1831	1867	1866
1777	4	1831	1832	1868	1867
1778	4	1832	1833	1869	1868
1779	4	1833	1834	1870	1869
1780	4	1834	1835	1871	1870
1781	4	1835	1836	1872	1871
No._nodes_with_prescribed_DOFs: 74
Node_#, DOF#, Value:
1	1	0
1	2	-0.00175
2	2	-0.00175
3	2	-0.00175
4	2	-0.00175
5	2	-0.00175
6	2	-0.00175
7	2	-0.00175
8	2	-0.00175
9	2	-0.00175
10	2	-0.00175
11	2	-0.00175
12	2	-0.00175
13	2	-0.00175
14	2	-0.00175
15	2	-0.00175
16	2	-0.00175
17	2	-0.00175
18	2	-0.00175
19	2	-0.00175
20	2	-0.00175
21	2	-0.00175
22	2	-0.00175
23	2	-0.00175
24	2	-0.00175
25	2	-0.00175
26	2	-0.00175
27	2	-0.00175
28	2	-0.00175
29	2	-0.00175
30	2	-0.00175
31	2	-0.00175
32	2	-0.00175
33	2	-0.00175
34	2	-0.00175
35	2	-0.00175
36	2	-0.00175
1837	1	0
1837	2	0.00175
1838	2	0.00175
1839	2	0.00175
1840	2	0.00175
1841	2	0.00175
1842	2	0.00175
1843	2	0.00175
1844	2	0.00175
1845	2	0.00175
1846	2	0.00175
1847	2	0.00175
1848	2	0.00175
1849	2	0.00175
1850	2	0.00175
1851	2	0.00175
1852	2	0.00175
1853	2	0.00175
1854	2	0.00175
1855	2	0.00175
1856	2	0.00175
1857	2	0.00175
1858	2	0.00175
1859	2	0.00175
1860	2	0.00175
1861	2	0.00175
1862	2	0.00175
1863	2	0.00175
1864	2	0.00175
1865	2	0.00175
1866	2	0.00175
1867	2	0.00175
1868	2	0.00175
1869	2	0.00175
1870	2	0.00175
1871	2	0.00175
1872	2	0.00175