No._nodes: 1461
Nodal_coords:
0	0
25	0
25	25
23	25
23	26
25	26
25	51
0	51
1.25	0
2.5	0
3.75	0
5	0
6.25	0
7.5	0
8.75	0
10	0
11.25	0
12.5	0
13.75	0
15	0
16.25	0
17.5	0
18.75	0
20	0
21.25	0
22.5	0
23.75	0
25	1.25
25	2.5
25	3.75
25	5
25	6.25
25	7.5
25	8.75
25	10
25	11.25
25	12.5
25	13.75
25	15
25	16.25
25	17.5
25	18.75
25	20
25	21.25
25	22.5
25	23.75
24.5	25
24	25
23.5	25
23	25.25
23	25.5
23	25.75
23.5	26
24	26
24.5	26
25	27.25
25	28.5
25	29.75
25	31
25	32.25
25	33.5
25	34.75
25	36
25	37.25
25	38.5
25	39.75
25	41
25	42.25
25	43.5
25	44.75
25	46
25	47.25
25	48.5
25	49.75
23.75	51
22.5	51
21.25	51
20	51
18.75	51
17.5	51
16.25	51
15	51
13.75	51
12.5	51
11.25	51
10	51
8.75	51
7.5	51
6.25	51
5	51
3.75	51
2.5	51
1.25	51
0	49.84090909
0	48.68181818
0	47.52272727
0	46.36363636
0	45.20454545
0	44.04545455
0	42.88636364
0	41.72727273
0	40.56818182
0	39.40909091
0	38.25
0	37.09090909
0	35.93181818
0	34.77272727
0	33.61363636
0	32.45454545
0	31.29545455
0	30.13636364
0	28.97727273
0	27.81818182
0	26.65909091
0	25.5
0	24.34090909
0	23.18181818
0	22.02272727
0	20.86363636
0	19.70454545
0	18.54545455
0	17.38636364
0	16.22727273
0	15.06818182
0	13.90909091
0	12.75
0	11.59090909
0	10.43181818
0	9.272727273
0	8.113636364
0	6.954545455
0	5.795454545
0	4.636363636
0	3.477272727
0	2.318181818
0	1.159090909
1.988141882	20.32372479
1.978591032	30.98281357
22.97568947	31.85559925
22.67703351	18.85839181
1.61807486	12.24661696
1.989608268	38.13372587
14.29521579	2.917742276
22.92228539	38.96279487
10.60397291	48.78763265
22.95692092	11.57150581
2.369146775	24.71574661
15.4932806	48.68211657
2.08613912	42.50121804
2.182222963	8.06428569
9.465821328	2.077301995
19.28237665	3.057612781
22.89900767	43.72507149
6.355272305	48.30045943
23.00693638	6.764438496
4.646793125	2.058148664
2.049612821	46.68418069
20.34023035	48.61168628
23.26123406	23.9250222
22.63840696	24.05295412
22.39636366	25.28614469
23.42213614	26.66949152
22.74582144	26.67331297
22.01193041	26.44808371
21.44546242	26.00607829
20.81744914	26.50840763
20.30307356	25.7190176
20.00781324	27.10658185
19.45262853	26.14836702
18.98509596	27.76243122
18.43121131	26.62453436
17.35213836	27.10282539
17.04591951	26.28301007
16.21073238	27.41642492
16.15101831	26.27212118
14.99209081	27.62053537
14.86753509	26.33043361
15.01540534	24.95648109
15.12282225	28.80806691
14.24200608	28.85477269
14.95353474	30.05276028
13.79327142	29.68051502
14.49210145	31.48883706
13.67573807	24.66543116
14.14308282	23.54070175
13.13384449	30.95709791
13.87052287	33.10998446
12.35974244	24.05166817
13.35671257	21.98490017
11.68142912	25.60811839
19.98980811	25.06076134
12.37974109	32.47457938
13.19557635	34.86592589
15.58306898	22.01575171
14.5479591	19.85376725
12.05675529	19.95192628
13.29907095	18.6868088
10.91224853	18.43124479
12.13421687	17.17247735
14.54207695	17.51258468
13.4062904	15.90383133
11.03070248	31.5136144
11.5810664	34.16510343
12.58123322	36.70754533
10.86481033	15.77435642
11.98442603	14.32832565
14.94084303	35.31015527
10.83053565	21.09424116
10.75869342	36.0727119
12.37573494	38.5609066
13.77357103	38.44520848
13.36512192	12.91849651
10.22944755	13.04063248
9.705361302	19.69824319
17.73975279	28.3462489
16.0074567	31.74245372
9.009686929	34.9011016
12.83732063	40.34670006
11.00714715	40.98698163
14.57361455	39.53928072
16.07873051	20.31982262
8.527261456	21.10748511
11.48547874	10.77411985
14.02145041	9.812463299
8.624441677	10.12366463
8.129096088	12.20888841
20.73168795	27.97748763
13.39901913	42.1367279
15.9722429	41.38986548
7.412263591	36.85295617
6.176134716	34.5899033
17.82891388	25.38850692
7.24152328	19.72868447
11.16447487	8.063369377
8.826801216	8.023716305
17.09879071	39.67663157
12.84493053	28.86125472
5.708364935	21.50755197
7.434511986	22.81096098
22.33748145	27.59608911
18.58439356	41.69155703
7.577660171	33.37725162
5.286152651	32.96114613
6.409406678	31.93771798
15.99123356	44.03909919
17.23643328	22.12160897
17.78802935	20.43537978
18.77801806	22.28393542
8.515180387	18.29846734
5.871997518	18.60151407
19.51954527	20.59976249
18.23627232	18.53845729
20.15019715	22.60367046
11.05482233	23.31067584
10.33265303	24.89781135
7.172719803	16.57831325
4.780603218	15.91713322
5.159293818	37.15428268
7.036205849	38.76121536
4.944039573	23.80558468
6.477860144	24.685858
8.901957215	6.017129193
6.771849085	5.929271275
6.65809411	7.70986169
11.05013477	6.007700486
5.237674656	5.8773149
5.417176825	13.71628339
5.594158706	38.96946521
6.168182472	40.80575487
18.70076629	39.58102751
18.72962971	37.49980213
20.83089754	37.08907367
18.77674817	35.33331574
20.83472026	34.80045205
18.78069012	33.37509828
11.21511402	26.77906302
9.797496522	27.0292076
10.85528617	28.86030598
8.486223994	28.87509987
7.068081526	27.61277732
6.115932379	29.32403629
4.701788211	28.30729706
3.171942247	27.37733069
22.17891338	23.6143571
21.76734966	24.41982246
23.07873996	22.82331393
17.13078804	33.60807302
4.15885526	18.07288556
21.07399101	21.09711677
2.298172428	15.3736314
6.834249622	4.077464194
23.06259708	29.79898207
21.35468734	30.56785176
18.64879096	32.11026207
18.42232916	43.95276663
18.23772709	46.29840535
4.731521707	31.81789739
3.850489796	33.28473259
3.75711291	21.88813457
19.49126639	23.93717664
11.24248698	4.162546865
18.2090161	23.790827
16.76522492	23.65369663
8.7185018	31.83359818
1.987866201	22.46909242
22.80474404	16.67827079
20.61439869	16.29048339
18.49369229	16.39650408
18.35788437	14.31795898
16.95353819	14.73413644
17.67051528	12.5286694
18.96902664	11.79607043
16.74796339	10.83345615
18.59810385	9.863406221
17.16240904	8.626905279
18.97574987	7.614444005
17.13444124	7.210110228
15.33999648	7.309414995
14.97885112	5.322371563
16.2619087	16.36466002
20.95304141	8.345738635
19.07146692	5.442216644
3.951531513	41.14717218
4.622726931	43.46473556
7.142288004	42.76950526
6.235636236	45.60639478
8.162544458	44.78004086
3.612454301	44.99229995
22.90891579	14.10348401
15.7994175	46.37127738
22.91934667	36.56921752
8.30652822	48.76927974
16.33395232	37.94778962
13.00024997	48.73295652
10.85991843	46.54806138
21.03262197	25.33432887
2.481032624	35.78428768
17.10163373	2.727594825
17.90334564	48.64768579
22.91500373	41.32711403
21.30266361	23.08693733
21.42269084	2.161013701
16.79973571	35.50784424
1.911572591	10.15587089
3.873421868	10.94566079
4.270609934	8.941356492
2.79585773	6.156425672
8.910095124	23.97585559
9.363963248	14.81812434
4.344697396	46.92170549
9.170439649	41.88182483
5.111585678	19.9427698
10.08988025	33.10535482
10.72778541	43.93240109
9.739976469	17.08748996
13.20901534	26.47189856
14.33566778	37.12409628
4.490738773	35.19051039
9.976544036	38.54171031
3.773216007	48.83821155
8.026026211	25.79820236
3.368306911	13.01131846
11.62052604	22.13826909
11.95484003	30.0577107
2.370553452	29.09729731
2.127863031	18.1196529
21.83122879	25.68720464
16.35288333	30.13110099
2.021322855	40.32084781
23.0372757	4.469386238
2.246814831	3.630656171
22.81408493	46.13413715
15.20044536	18.62699769
15.02382935	11.77627008
16.39447151	25.04718244
19.2379116	25.11806218
9.782922278	30.24582317
20.62060215	29.91229739
15.49115827	33.45342531
8.59952982	46.72826833
22.92193809	34.17010872
20.19838357	18.61114589
23.2334604	21.16982722
20.77404382	41.57266064
7.99132871	39.9916252
14.73671777	14.65960274
8.847697808	16.10760305
16.37511675	28.68139532
13.84752847	28.01744408
13.38026092	7.74741263
3.833564413	37.39860055
5.946240166	11.60103524
20.9184765	12.92697598
9.804134637	22.37327033
7.077390179	2.071545742
11.76211375	42.30767794
7.04690116	46.86958343
3.773492719	23.35778617
9.115595823	4.074644051
20.5463729	46.23143517
11.81559854	2.221954596
4.127374034	4.366787119
7.512400156	14.25393526
2.056876821	33.07374223
16.42237122	18.52453977
20.897078	10.65896515
7.431393158	30.50511417
13.4697312	44.15809068
1.948212155	26.67001442
12.77127771	4.347301734
20.47926279	24.23969944
22.97921533	9.162327633
5.289598679	30.80767097
21.03912014	6.062270329
20.73645117	32.33107233
17.03682406	5.169748534
13.28603698	46.42775021
22.48495672	24.64198701
22.28924896	25.8521042
23.42574879	27.50591833
2.040681912	44.58396612
21.73346567	25.18309022
3.993331292	29.94111642
4.757598911	7.119600298
22.91660245	2.248453344
6.371491242	9.59156667
21.08103982	3.749965912
22.66523591	48.5622862
5.578707043	26.55294721
19.49646477	31.13723064
3.813826037	20.06376538
21.48014546	27.14061147
2.166481237	48.81241354
2.320563484	2.08305235
18.16959269	30.07185823
4.086814729	25.65043753
16.12424678	13.50209804
1.250264593	13.77202512
20.80570766	39.30782202
23.9999999	23.8485831
3.592215604	39.13532473
17.5103655	31.93248249
11.94868731	27.72573564
21.63394318	28.72821585
22.28414744	21.98805831
20.67792584	43.87288521
19.67237966	28.89892042
3.668391072	31.52316784
13.03236335	5.767023578
15.29431845	23.52776139
15.89521235	9.135292188
18.07053637	47.47304557
16.69831312	48.66490118
15.64634905	47.52669697
17.0185723	46.33484137
16.85844271	47.49987127
18.36242437	28.05434006
19.32873781	28.33067582
18.92098617	29.48538933
17.95467274	29.20905357
18.64170527	28.76986469
11.4050631	29.45900834
11.40198674	28.29302081
12.39680892	28.29349518
12.39988528	29.45948271
11.90093601	28.87625176
16.31097316	33.53074917
16.96526188	34.55795863
15.87028937	35.40899976
15.21600065	34.38179029
16.09063127	34.46987446
19.55404549	16.34349374
20.40639113	17.45081464
19.21732795	18.57480159
18.36498231	17.46748069
19.38568672	17.45914766
2.771247849	28.237314
1.185276726	28.45773957
0.974106078	27.24409812
2.560077201	27.02367256
1.872676963	27.74070606
5.429181584	44.53556517
5.290166816	46.26405014
3.978575849	45.95700272
4.117590616	44.22851776
4.703878716	45.24628395
7.974922722	4.076054122
6.955819901	3.074504968
8.271605754	2.074423868
9.290708575	3.075973023
8.123264238	3.075238995
13.14314347	47.58035337
14.54272724	46.39951379
14.24676528	48.70753655
14.39474626	47.55352517
15.33481005	37.53594295
14.63825541	36.21712577
16.56684401	36.72781693
15.60254971	36.47247135
8.172303555	23.39340829
8.468060667	24.88702898
7.251943177	25.24203018
6.956186065	23.74840949
7.712123366	24.31771923
7.820748122	13.23141183
6.46478849	13.98510933
5.681708495	12.65865931
7.037668127	11.90496182
6.751228309	12.94503557
3.620864389	11.97848962
4.909831017	11.27334801
4.392741868	13.36380092
4.651286442	12.31857447
21.96612837	8.754033134
22.96806812	10.36691672
21.92699946	11.11523548
20.9250597	9.502351891
21.94656391	9.934634306
4.682524345	5.12205101
4.997636784	6.498457599
3.776728321	6.638012985
3.461615882	5.261606395
4.229626333	5.880031997
17.0008291	22.8876528
16.02977168	23.59072901
15.43869371	22.77175655
16.40975113	22.06868034
16.21976141	22.82970467
21.38304382	25.25870954
20.75594238	24.78701415
21.12330623	24.32976095
21.75040766	24.80145634
21.25317502	24.79423524
19.36458899	24.52761941
18.53341274	25.25328455
18.01896499	24.58966696
18.85014124	23.86400182
18.69177699	24.55864319
5.480811828	4.222125657
4.38708358	3.212467891
5.862091652	2.064847203
5.67145174	3.14348643
20.72643038	22.8453039
20.8909632	23.66331838
19.98526459	24.08843804
19.82073177	23.27042355
20.35584749	23.46687097
5.349984851	47.61108246
6.641268698	46.23798911
6.701086733	47.58502143
5.995626774	46.92453578
9.165698046	21.74037772
9.35711488	23.17456296
7.980886721	21.95922305
8.669000801	22.566893
18.00722567	22.2027722
18.49351708	23.03738121
17.48712051	23.72226181
17.74717309	22.962517
20.1464909	29.40560891
20.05853346	30.52476401
18.83302873	30.60454443
19.48975982	30.00507667
23.01914327	30.82729066
24.03129854	29.14949103
23.98784473	31.42779963
24.00957164	30.28864533
1.988004041	21.39640861
2.900983959	20.19374508
3.785469473	20.97594998
2.872489556	22.1786135
2.886736757	21.18617929
22.56168184	24.34747057
22.94982051	23.98898816
23.13061703	24.4625111
22.74247836	24.8209935
22.84614943	24.40499083
20.23453545	24.65023039
19.61385986	25.08941176
19.79956222	24.5889249
3.485885698	35.48739904
2.268954722	34.42901496
2.953683308	33.17923741
4.170614284	34.23762149
3.219784503	34.33331822
15.40199283	16.93862235
16.34213996	17.4445999
15.81140829	18.57576873
14.87126116	18.06979119
15.60670056	17.75719554
17.26123801	30.10147961
16.36400004	29.40624815
17.05743477	28.51382211
17.15933639	29.30765086
14.3601287	7.528413813
15.61760442	8.222353592
14.95833138	9.473877743
13.70085567	8.779937964
14.65923004	8.501145778
19.07262787	31.62374635
18.07957823	32.02137228
17.8399791	31.00217036
18.45630348	31.31295836
22.92064238	35.36966312
21.8751221	36.8291456
20.8328089	35.94476286
21.87832918	34.48528039
21.87672564	35.65721299
23.90237202	17.08913539
23.83851676	19.42919591
22.74088878	17.7683313
23.87044439	18.25916565
15.69842476	2.82266855
17.06922889	3.94867168
16.00783759	5.246060049
14.63703346	4.120056919
15.85313118	4.034364299
3.197155109	46.80294309
2.045147366	45.63407341
2.826568106	44.78813304
3.011861607	45.79553806
21.43770854	18.73476885
21.70957136	16.48437709
21.57363995	17.60957297
23.24417294	28.6524502
24.2128744	26.75295917
24.12208647	27.9512251
9.134573136	29.56046152
9.250712039	31.03971067
8.074947479	31.16935617
7.958808576	29.69010702
8.604760307	30.36490885
13.53324675	3.632522005
12.00688234	4.254924299
11.52904276	3.19225073
13.05540717	2.569848436
12.53114476	3.412386368
21.84452378	41.44988734
20.78987574	40.44024133
21.86399652	39.13530845
22.91864456	40.14495445
21.85426015	40.29259789
19.4641076	22.44380294
19.15712442	23.15390238
20.78558572	33.56576219
19.80573422	35.0668839
18.77871915	34.35420701
19.75857064	32.85308531
19.78215243	33.9599846
9.404191027	32.4694765
9.549783591	34.00322821
8.29367355	34.13917661
8.148080985	32.6054249
8.848932288	33.30432655
2.178506488	23.59241952
1.184573388	25.10787331
0.993933101	22.8254553
1.089253244	23.9666643
21.78234723	25.43514743
21.63834561	25.84664146
21.23904219	25.67020358
21.51069471	25.5526755
17.78824194	35.42057999
18.75318894	36.41655893
17.53179101	37.72379587
17.66001648	36.57218793
3.936865229	27.84231387
4.347559751	29.12420674
3.181942372	29.51920687
3.5594038	28.68076037
3.227980752	25.18309207
3.071319747	24.03676639
4.358766146	23.58168543
4.515427151	24.7280111
3.793373449	24.38238875
23.63061698	23.88680265
23.99999995	24.42429155
23.56530849	24.44340132
20.11645797	31.73415148
18.71474054	32.74268018
19.41559926	32.23841583
17.1116927	25.21784468
16.57984821	24.35043953
17.2994066	24.47005325
23.95445789	14.55174201
22.85682991	15.3908774
23.92841496	15.8204387
0.994070941	20.59368058
0.994002021	21.70956794
19.14878166	21.44184896
20.29676814	20.84843963
20.61209408	21.85039362
19.88043787	21.64612129
18.715198	38.54041482
17.8997785	39.62882954
16.71637152	38.81221059
17.71578476	38.6763127
11.80211144	48.76029459
10.73194567	47.66784702
12.0729777	46.48790579
11.93754457	47.62410019
22.93291835	12.83749491
23.97846046	12.0357529
23.96645918	13.29374746
19.78026362	37.2944379
19.79299892	36.1806609
23.02210604	5.616912367
22.02302826	6.413354412
21.06007998	4.90611812
22.05915776	4.109676075
22.04109301	5.261515244
0.994804134	37.61231748
1.240516312	35.27850748
2.235320446	36.95900677
1.117660223	36.44541248
7.90326411	49.88463987
5.677636153	49.65022971
7.330900263	48.53486959
6.790450131	49.76743479
3.354433025	42.9829768
2.053730987	41.41103293
2.986427184	40.73401
4.287129222	42.30595387
3.170430105	41.8584934
16.60772345	15.54939823
17.65571128	14.52604771
18.42578833	15.35723153
17.3778005	16.38058205
17.51675589	15.45331488
10.30198646	49.89381633
12.75012498	49.86647826
11.52605572	49.88014729
10.1790414	4.118595458
10.64070994	2.149628296
10.40987567	3.134111877
9.455250567	48.7784562
9.102625283	49.8892281
23.9611427	38.73139744
22.92081603	37.7660062
23.95967334	36.28460876
23.96040802	37.5080031
20.18170823	3.403789347
19.64118833	1.528806391
20.71134542	1.08050685
21.25186533	2.955489807
20.44652683	2.242148099
24.03936998	22.66165696
22.6814437	22.40568612
22.75880392	21.57894276
24.1167302	21.83491361
23.39908695	22.12029986
15.2466403	49.84105828
13.99838264	49.85376827
17.70167282	49.8238429
16.47415656	49.83245059
10.11438679	15.29624038
9.796705399	13.92937841
11.10693679	13.68447906
11.42461818	15.05134103
10.61066179	14.49035972
23.95750186	41.16355702
23.95932228	39.94747723
6.993533424	32.6574848
6.876897443	33.98357746
5.731143683	33.77552471
5.847779664	32.44943205
6.362338554	33.21650475
10.40681238	30.87971878
10.56029137	32.30948461
9.905501703	31.67459764
17.30081686	1.363797412
18.19200519	2.892603803
18.47100259	1.446301901
14.6476079	1.458871138
15.97421238	1.411334275
22.9070057	42.52609276
23.94950383	43.61253575
23.95350285	42.38804638
20.17011517	49.80584314
19.12178799	48.62968604
18.935894	49.81484302
14.17359279	38.9922446
14.0546194	37.78465238
15.45378343	38.74353517
14.75420142	38.26409377
5.710949859	24.24572134
5.326202254	22.65656832
6.571438461	22.15925648
6.14119416	23.20248891
0.80903743	11.91876303
0.955786296	9.714299081
1.764823726	11.20124393
0.882411863	10.81653105
2.063410516	43.54259208
3.090500566	43.88555492
17.95573908	33.49158565
17.87199051	34.45608282
1.091111482	7.509415572
2.046897777	9.11007829
1.023448889	8.611857327
0.989295516	30.5595886
2.017733926	32.0282779
1.02843841	32.76414384
1.008866963	31.66186622
23.16998701	23.37416807
24.49999995	23.17429155
23.83499348	23.27422981
22.95524696	20.01410951
23.97762348	20.63205476
23.71106807	26.33474576
23.08397879	26.67140224
22.87291072	26.33665648
23.29198939	26.33570112
2.89249723	10.55076584
3.226416449	8.502821091
4.072015901	9.94350864
3.059456839	9.526793465
3.765302814	22.62296037
2.971904651	23.10768995
1.397928865	5.396394654
2.489040347	7.110355681
1.244520173	6.452905113
21.85607032	32.09333579
22.94881378	33.01285399
21.86719975	33.28930809
21.91369614	13.51523
20.90777725	11.79297056
21.9203478	12.31523274
6.714971597	6.819566483
7.83690315	5.973200234
8.864379215	7.020422749
7.742447663	7.866788998
7.789675406	6.919994616
15.83089974	21.16778716
16.93337993	20.3776012
17.51223132	21.27849438
16.67156553	21.22314077
6.474944107	20.61811822
7.884392368	20.41808479
7.227915414	21.28867063
8.21097526	35.87702889
6.794199153	35.72142973
7.543936352	34.93030317
16.53551681	40.53324852
15.27292873	40.4645731
15.99465012	39.63839185
20.99608078	7.204004482
22.99307586	7.963383064
21.99457832	7.583693773
15.89532553	45.20518829
17.20678136	43.99593291
18.33002813	45.12558599
17.11267683	45.16538714
8.376768882	11.16627652
10.05496021	10.44889224
10.85746315	11.90737616
9.179271819	12.62476044
9.617116014	11.53682634
5.70784651	7.414730994
6.004761871	5.903293088
5.85630419	6.659012041
18.65378731	20.51757114
18.33050649	21.36017167
7.199090347	45.19321782
5.882507468	43.11712041
7.652416231	43.77477306
6.540798907	44.15516912
5.059856992	40.97646353
6.655235238	41.78763006
5.47118223	42.04679197
2.005465561	39.22728684
1.010661427	39.86496936
1.002732781	38.73864342
10.26794847	20.39624217
10.31733514	21.73375574
9.116311379	20.40286415
9.71682326	21.06830995
22.12615319	24.53090473
21.97313152	24.01708978
22.40866017	23.83365561
22.26740668	24.18228017
18.64257993	40.63629227
17.27831823	41.54071125
17.58904837	40.58477039
11.10730482	7.035534931
9.995638042	8.043542841
9.976045994	6.012414839
9.985842018	7.02797884
18.05509555	7.412277116
18.78692686	8.738925113
17.88025645	9.24515575
17.14842514	7.918507753
17.967676	8.328716433
12.54434226	30.50740431
13.31910097	29.27088487
13.46355796	30.31880646
12.93172162	29.88914459
11.32497681	9.418744614
8.725621446	9.07369047
10.02529913	9.246217542
18.50336136	42.82216183
15.98173823	42.71448234
17.24254979	42.76832208
17.20923933	11.68106277
17.67303362	10.34843119
18.78356524	10.82973833
18.31977096	12.16236992
17.99640229	11.25540055
2.213017729	16.74664215
1.063931515	18.33255372
1.149086214	15.80045206
1.106508865	17.06650289
7.878351833	19.01357591
9.110270844	18.99835526
8.497331606	19.70822003
2.174572242	30.04005544
1.087286121	29.50866408
12.42530033	11.84630818
12.67477397	13.62341108
11.76611856	12.76539362
11.44364547	20.52308372
10.30880491	19.06474399
11.48450191	19.19158553
10.87622519	19.79391385
4.469729239	16.99500939
5.976661511	16.24772324
6.522358661	17.58991366
5.015426389	18.33719981
5.49604395	17.29246152
23.96096905	33.83505436
23.96032119	35.05983156
7.22423472	37.80708577
6.315182278	38.86534029
5.376726262	38.06187395
6.285778704	37.00361943
6.300480491	37.93447986
8.156363827	42.32566504
9.949112529	42.90711296
9.445164933	44.35622097
8.80076438	43.34094301
6.556760399	19.16509927
7.843950095	17.4383903
7.200355247	18.30174478
17.32932177	18.53149853
17.35356114	17.45604029
14.68563101	41.76329669
13.11816988	41.24171398
13.70546759	39.94299039
14.1955493	40.85314354
11.4995136	16.47341688
12.69535821	15.11607849
12.77025364	16.53815434
12.09743591	15.79474769
9.884190176	35.48690675
10.83547333	33.63522912
11.16987991	35.11890766
10.35983175	34.56106794
4.386608003	49.91910578
4.058956702	47.87995852
4.868296427	48.76509412
14.05091985	13.78904963
14.07150408	15.28171703
13.37313903	14.45256406
23.97440689	32.63142699
9.732910664	1.038650997
7.28869509	1.035772871
8.510802877	1.037211934
9.141860258	27.95215374
10.32639134	27.94475679
10.31910422	29.55306458
9.73048224	28.75260916
20.76643759	14.60872969
21.81163375	14.99980354
1.123407416	4.133509904
3.187094433	3.998721645
2.292511649	4.697558149
12.38832138	34.51551466
12.88840479	35.78673561
11.66996332	36.39012861
12.02914235	35.45282164
12.71664391	17.92964307
12.67791312	19.31936754
11.5232327	17.80186107
12.10057291	18.5606143
11.44827157	26.1935907
10.50630527	26.90413531
10.06507477	25.96350948
11.00704107	25.25296487
10.75667317	26.07855009
2.058002456	19.22168884
1.029001228	19.46311715
13.97418368	16.708208
13.92057395	18.09969674
13.34541379	17.31892554
7.079755591	40.39869004
8.58088418	40.93672502
7.618059709	41.36217754
6.028283593	25.61940261
4.832760886	26.10169237
5.271855372	25.17370685
5.409975306	20.72516088
5.491791598	19.27214193
5.983367853	19.94513008
12.60652779	39.45380333
13.07465298	38.50305754
13.39006029	39.22302396
20.8183026	38.19844784
21.86955931	37.98222702
4.825016295	36.17239654
5.333436744	34.89020684
5.809607724	35.94691314
2.493190886	12.62896771
2.692844058	11.58986678
11.98040375	33.31984141
13.12513198	32.79228192
13.53304961	33.98795517
12.75672668	33.65389829
12.44522223	26.04000848
12.02058578	24.82989328
13.01774025	24.35854966
13.4423767	25.56866486
12.73148124	25.19927907
12.15779927	1.110977298
13.40270358	1.284924218
11.70522179	31.99409689
11.49277125	30.78566255
12.75679279	31.71583865
12.12478202	31.2507506
11.27034756	32.81466301
2.83323967	14.19247493
5.098890021	14.81670831
3.539387823	15.64538231
3.966064846	14.50459162
13.92351502	19.27028802
13.95233583	20.91933371
12.70673393	20.96841322
13.31512448	20.11935062
24.00346819	7.132219248
24.01863785	4.734693119
24.01105302	5.933456183
1.04306956	42.11424538
1.026865494	40.98960737
23.98960767	9.581163816
23.98403406	10.80845836
11.92223389	40.66684085
10.4918456	39.76434597
11.17613949	38.55130846
11.54918669	39.60907465
12.75346458	10.29329157
14.52263988	10.79436669
14.19447564	12.3473833
13.47397011	11.32033743
8.45302902	47.74877403
9.729724124	46.63816485
9.592487345	47.70831053
9.127578428	17.69297865
10.3261125	17.75936738
9.718191671	18.37886132
23.90704247	46.06706858
22.8565463	44.92960432
23.92827315	44.83980216
7.51376728	39.37642028
8.694403814	37.69733324
8.983936373	39.26666776
8.104085547	38.53687676
14.46989077	22.00032594
15.3133448	20.08679493
14.89161779	21.04356044
10.3023934	16.43092319
10.91281305	17.11639213
10.0887934	41.43440323
9.536364888	40.35053549
15.5092767	26.30127739
16.18087534	26.84427305
15.6014116	27.51848015
14.92981295	26.97548449
15.55534415	26.90987877
4.568321223	33.12293936
4.950878984	34.0065731
10.36761873	37.3072111
9.289296995	36.59212
17.19902893	26.69291773
17.43741669	25.8357585
18.1300626	26.00652064
17.89167483	26.86367988
17.66454576	26.34971919
16.59846891	26.27756562
16.78143537	27.25962516
16.68995214	26.76859539
12.47848408	37.63422596
11.42305141	37.47071853
10.69373768	24.1042436
11.70728238	23.681172
11.35716173	24.46706844
16.52881069	8.881098734
16.23721886	7.259762611
16.38301478	8.070430672
13.4584505	36.9158208
13.26655174	37.70943917
13.81297297	31.22296749
14.18131216	32.29941076
13.46905248	32.0076247
3.143359145	18.09626923
3.341373484	16.87082577
14.06820969	35.08804058
13.7633301	36.00193069
18.94191992	26.38645069
19.73022089	26.62747443
19.4964546	27.43450653
18.70815364	27.19348279
19.21918726	26.91047861
13.7498977	22.76280096
13.90941045	24.10306645
12.85822751	23.01828417
13.38381898	23.56067531
15.03817849	29.43041359
15.7489695	28.74473111
15.65320904	30.09193063
15.70108927	29.41833087
7.77715276	28.24393859
7.547053868	26.70548984
8.911761366	26.41370498
8.344457063	27.32882179
11.38463045	41.64732979
11.24494958	43.12003952
10.66687149	42.27722137
0.625132296	13.84055801
1.77421851	14.57282826
0.887109255	14.82050504
14.87420223	19.24038247
14.39738809	18.67003961
7.82321549	46.79892588
7.577057876	47.66689773
19.63818043	13.62246748
19.59611296	14.98298061
23.95830122	2.374226672
22.70830122	1.124226672
23.85415061	1.187113336
9.621374075	24.43683347
9.266567721	25.42526923
8.381037139	45.7541546
10.79385192	45.24023123
9.587444528	45.49719291
22.58261796	49.7811431
23.83261796	48.5311431
23.79130898	49.76557155
9.293837138	16.59754651
9.105830528	15.46286369
9.704111965	15.94689344
11.58190067	27.25239933
10.95414601	27.59857806
14.7228181	30.77079867
16.18017001	30.93677735
15.24977907	31.61564539
15.45149406	30.85378801
1.020340956	44.31471034
1.031705258	43.21447786
19.96439564	7.98009132
19.74759092	10.26118568
19.85599328	9.120638502
9.008776519	5.045886622
11.14631088	5.085123675
10.0775437	5.065505149
3.629378488	26.51388411
2.158679465	25.69288052
2.894028977	26.10338231
5.881170589	39.88761004
6.697468934	39.63201516
14.68084057	33.28170489
14.37452513	34.18487273
15.1594238	6.315893279
17.08563265	6.189929381
16.12252823	6.25291133
4.732738922	21.69784327
4.545752534	22.63976435
12.09875831	44.04524588
13.37788409	45.29292044
12.085868	45.26657584
12.48861931	22.06158463
11.22553084	21.61625513
11.96613239	21.29233418
11.33767419	22.72447247
12.09795085	22.87137832
14.37340308	29.86663765
14.09318803	30.54480257
14.71870064	23.53423157
14.59429571	22.76727875
8.010208806	16.34295815
8.568893617	17.0179684
15.49931324	15.51213138
14.73674846	16.11016969
21.67906923	21.54258754
21.87551226	19.97775429
22.31715809	20.77834853
21.13145578	26.25724296
20.56026135	26.11371261
20.66784776	25.52667323
20.89965177	25.8919581
14.3455717	24.81095613
14.94147022	25.64345735
14.03827522	26.40116609
14.19192346	25.60606111
12.27236789	7.905391004
12.51291624	9.099341289
1.083240618	48.74711586
2.333240618	49.90620677
1.166620309	49.87355793
14.01763875	29.26764385
14.68241417	28.8314198
14.52790862	29.34902872
3.986340648	19.06832547
3.022171552	19.14500716
19.87785105	25.93369231
20.41263119	26.80749474
20.14524112	26.37059352
19.5501275	43.91282592
20.61214937	45.05216019
19.39205	46.26492026
19.47108875	45.08887309
17.54594557	27.72453715
18.1270496	27.45900997
2.410281742	1.041526175
1.160281742	2.200617084
1.205140871	1.100308542
4.496429115	37.27644162
3.157298519	36.59144411
3.991157407	36.38192033
10.90593774	30.16936356
13.3462295	28.4393494
14.04476728	28.43610839
13.68193413	28.85349663
4.823396563	1.029074332
6.056045826	1.032423601
19.94375157	12.36152321
18.01419982	13.42331419
18.9789757	12.8924187
5.321050588	9.266461581
6.158865704	10.59630096
5.115440802	10.2699048
15.74930748	32.59793951
14.96530982	32.44867514
22.37887592	26.56069834
22.15058968	26.15009395
22.64462448	25.9260521
22.5117502	26.24337522
6.514792676	8.65071418
4.514104423	8.030478395
5.514448549	8.340596288
15.57403806	12.63918406
15.43048227	14.08085039
14.81247895	13.21411684
7.34255998	15.41612426
8.438181702	14.5360298
8.224195254	15.43949398
14.41980964	27.81898973
13.52827191	27.24467132
14.22904243	27.11007791
19.85896442	19.60545419
20.86723834	19.79160424
1.434169726	13.00932104
2.133704698	13.60089799
10.42947848	22.84197308
10.82750466	22.22911411
6.323394285	27.08286226
6.787668731	26.16244622
1.079339733	26.17598571
12.58056644	42.22220292
12.25140017	41.44452188
10.02542628	23.63940328
7.511152918	45.99607185
21.12727267	29.32025662
20.2020338	28.43820403
21.18281556	28.35285174
20.66465323	28.87923032
18.05414549	5.305982589
19.17692179	4.249914712
18.12307534	4.099293196
20.14644084	25.38988947
20.45119161	25.08845181
19.34527007	25.6332146
18.73766633	25.81986762
16.89738103	13.01538372
15.88589637	11.30486311
16.3916387	12.16012342
6.773662769	29.91457523
6.592006953	28.4684068
7.275407764	29.07925691
6.920399918	31.22141607
7.534240452	31.91342049
10.94535497	1.074814148
16.32158787	9.98437417
15.42211387	10.38937043
16.27274491	25.65965181
16.8550808	25.74770515
6.803049353	5.003367735
5.742786849	5.062709372
1.134477361	34.02132566
17.32057677	32.77027776
18.01765866	32.75647897
7.905912936	5.024627178
15.05745653	28.21430114
14.5511119	28.32520476
15.70493843	25.00183177
15.60710756	25.65155458
21.04556925	31.44946204
22.20864221	30.18341691
22.03235626	31.13837635
16.25055086	19.4221812
15.56237655	19.33128183
18.01215084	19.48691854
18.93555763	19.54618636
8.808726761	13.58039512
13.43437517	43.14740929
12.33966237	43.1337244
4.462705857	20.00326759
4.59772239	20.85055543
6.220725001	15.11641628
5.849502679	31.37269447
5.702765529	30.06585363
6.311582724	30.64363485
19.75323697	39.44442476
19.67921869	41.63210883
19.71622783	40.5382668
19.84567125	11.31135445
4.593187155	39.05239497
3.712890009	38.26696264
4.544808135	38.16441829
19.74585545	25.51155203
14.73048238	44.09859493
14.7080567	42.93094581
23.99653793	8.356691532
16.29292457	28.04891012
15.67519055	28.13160563
21.68022892	46.18278616
21.78846676	43.79897835
21.73434784	44.99088225
17.13135085	19.45454987
5.008837179	32.38952176
5.010560193	31.31278418
5.429169929	31.88110812
21.79340553	22.53749782
21.2027498	22.19394572
21.7407885	23.35064721
21.43204736	23.84020408
23.42394247	27.08770493
22.88161512	27.55100372
22.54165144	27.13470104
22.98279695	27.11120298
3.483678305	2.070600507
3.616839152	1.035300254
16.91943507	27.88672363
19.02360839	6.528330324
18.05462052	6.359129853
20.05529353	5.752243486
20.00984459	6.866167403
22.06023888	25.76965442
21.72869641	26.227081
21.89446764	25.99836771
3.771873558	40.14124845
4.826522074	40.01442925
22.34827013	29.26359896
21.98571232	28.16215248
22.61494263	28.40730134
22.97693908	3.358919791
23.98846954	3.554459895
1.02480641	46.52390853
1.022573683	45.41930943
14.63660481	45.24905436
22.73966042	47.34821167
23.86983021	47.29910584
12.04124906	5.887362032
13.20631214	6.757218104
12.15680848	6.896376518
15.1548619	24.24212124
15.86735506	24.29628039
2.969848622	48.82531255
2.108047029	47.74829712
3.083501865	47.81412782
3.359924311	49.91265627
12.57885133	27.0988171
12.96254041	27.76908325
22.16964665	2.204733522
21.70982332	1.102366761
21.50273313	48.58698624
21.37636657	49.79349312
2.790911936	38.6345253
2.974105227	37.61298471
2.88866956	39.68426765
7.497966459	9.857615652
7.620207061	8.862202325
0.717084863	12.87966052
3.501572385	7.570417038
4.641464986	30.37439369
5.408860295	28.81566667
5.02516264	29.59503018
16.53889249	14.11811724
17.27654616	13.77071571
5.140247627	27.43012213
5.86612729	27.94926447
22.06491466	25.23461745
22.34280631	25.56912444
22.06257677	25.50213594
4.739066123	19.1702337
1.054023514	47.6355122
17.10092216	9.61476496
20.44330162	47.42156073
21.59148102	47.3848862
20.72598483	42.72277292
19.6146731	42.77246738
2.283689157	2.85685426
3.335386369	3.034661076
14.00560724	5.544697571
14.18286797	6.536555692
4.384813057	26.97200312
19.7667503	38.36943133
16.7589111	31.8374681
16.53494213	32.68410863
22.1144022	3.157204799
20.98764474	30.24007457
20.55205136	30.98711303
3.759440434	32.40395022
4.199956389	31.67053262
4.384138806	32.39673599
22.62882667	23.21883551
22.78932359	23.60391184
1.141844579	3.167063494
2.823491052	31.25299071
2.88858718	32.21611406
21.81649527	42.62443284
22.69818183	25.39307234
22.67140316	25.65956222
17.01007455	30.96947386
14.53213617	24.17259385
21.66795744	29.75183677
7.267817293	10.88128874
22.44066019	24.96406585
22.7203301	25.10703292
12.01356145	26.6462039
16.01910286	14.81512431
12.90182053	5.057162656
12.0240657	5.071143166
13.76942699	4.588609788
21.1487973	26.82450955
21.1059167	27.55904955
20.36975059	27.54203474
20.75927394	27.18327215
20.11850088	4.578016416
21.74603793	26.79434759
21.43874686	26.52579527
3.830861182	30.73214213
4.420710687	31.02246316
3.002716712	30.38609879
22.09553393	24.88276109
19.8492442	27.93635528
22.2111161	22.87816667
21.90881345	27.36835029
22.14384469	26.96452432
21.54581451	27.86060102
24.49999997	24.08714577
23.96197123	26.54385246
19.256919	47.44730315
No._elements:                       1392
Max_no._nodes_on_any_one_element:   4
element_identifier; no._nodes_on_element; connectivity:
1	4	296	452	456	455
2	4	452	339	453	456
3	4	456	453	148	454
4	4	455	456	454	330
5	4	215	457	461	460
6	4	457	170	458	461
7	4	461	458	447	459
8	4	460	461	459	435
9	4	364	462	466	465
10	4	462	278	463	466
11	4	466	463	443	464
12	4	465	466	464	237
13	4	379	467	471	470
14	4	467	287	468	471
15	4	471	468	343	469
16	4	470	471	469	207
17	4	308	472	476	475
18	4	472	307	473	476
19	4	476	473	382	474
20	4	475	476	474	252
21	4	283	477	481	480
22	4	477	365	478	481
23	4	481	478	113	479
24	4	480	481	479	409
25	4	324	482	486	485
26	4	482	326	483	486
27	4	486	483	350	484
28	4	485	486	484	328
29	4	399	487	491	490
30	4	487	291	488	491
31	4	491	488	395	489
32	4	490	491	489	151
33	4	334	492	495	494
34	4	492	417	493	495
35	4	495	493	330	454
36	4	494	495	454	148
37	4	333	496	499	498
38	4	496	357	497	499
39	4	499	497	207	469
40	4	498	499	469	343
41	4	239	500	504	503
42	4	500	348	501	504
43	4	504	501	361	502
44	4	503	504	502	261
45	4	226	505	509	508
46	4	505	403	506	509
47	4	509	506	267	507
48	4	508	509	507	392
49	4	362	510	513	512
50	4	510	345	511	513
51	4	513	511	392	507
52	4	512	513	507	267
53	4	321	514	518	517
54	4	514	412	515	518
55	4	518	515	146	516
56	4	517	518	516	406
57	4	402	519	523	522
58	4	519	266	520	523
59	4	523	520	424	521
60	4	522	523	521	347
61	4	246	524	528	527
62	4	524	303	525	528
63	4	528	525	450	526
64	4	527	528	526	194
65	4	422	529	533	532
66	4	529	336	530	533
67	4	533	530	411	531
68	4	532	533	531	285
69	4	300	534	538	537
70	4	534	376	535	538
71	4	538	535	232	536
72	4	537	538	536	302
73	4	395	488	542	541
74	4	488	291	539	542
75	4	542	539	402	540
76	4	541	542	540	156
77	4	253	543	547	546
78	4	543	341	544	547
79	4	547	544	411	545
80	4	546	547	545	300
81	4	154	548	551	550
82	4	548	350	483	551
83	4	551	483	326	549
84	4	550	551	549	397
85	4	222	552	555	554
86	4	552	394	553	555
87	4	555	553	348	500
88	4	554	555	500	239
89	4	303	524	559	558
90	4	524	246	556	559
91	4	559	556	248	557
92	4	558	559	557	302
93	4	447	560	563	459
94	4	560	378	561	563
95	4	563	561	430	562
96	4	459	563	562	435
97	4	139	564	567	566
98	4	564	292	565	567
99	4	567	565	57	58
100	4	566	567	58	59
101	4	305	568	572	571
102	4	568	137	569	572
103	4	572	569	431	570
104	4	571	572	570	299
105	4	418	573	577	576
106	4	573	160	574	577
107	4	577	574	159	575
108	4	576	577	575	4
109	4	376	534	580	579
110	4	534	300	545	580
111	4	580	545	411	578
112	4	579	580	578	191
113	4	358	581	585	584
114	4	581	337	582	585
115	4	585	582	404	583
116	4	584	585	583	298
117	4	200	586	590	589
118	4	586	320	587	590
119	4	590	587	405	588
120	4	589	590	588	373
121	4	215	460	594	593
122	4	460	435	591	594
123	4	594	591	368	592
124	4	593	594	592	388
125	4	390	595	599	598
126	4	595	318	596	599
127	4	599	596	451	597
128	4	598	599	597	224
129	4	435	562	603	602
130	4	562	430	600	603
131	4	603	600	294	601
132	4	602	603	601	442
133	4	381	604	608	607
134	4	604	331	605	608
135	4	608	605	272	606
136	4	607	608	606	274
137	4	306	609	612	611
138	4	609	41	42	612
139	4	612	42	43	610
140	4	611	612	610	140
141	4	143	613	617	616
142	4	613	338	614	617
143	4	617	614	416	615
144	4	616	617	615	319
145	4	350	618	621	484
146	4	618	157	619	621
147	4	621	619	421	620
148	4	484	621	620	328
149	4	306	611	624	623
150	4	611	140	622	624
151	4	624	622	382	473
152	4	623	624	473	307
153	4	6	56	627	626
154	4	56	57	565	627
155	4	627	565	292	625
156	4	626	627	625	420
157	4	279	628	632	631
158	4	628	377	629	632
159	4	632	629	304	630
160	4	631	632	630	407
161	4	143	633	637	636
162	4	633	410	634	637
163	4	637	634	301	635
164	4	636	637	635	401
165	4	340	638	642	641
166	4	638	384	639	642
167	4	642	639	439	640
168	4	641	642	640	144
169	4	253	546	644	643
170	4	546	300	537	644
171	4	644	537	302	557
172	4	643	644	557	248
173	4	415	645	649	648
174	4	645	274	646	649
175	4	649	646	273	647
176	4	648	649	647	275
177	4	304	650	654	653
178	4	650	353	651	654
179	4	654	651	217	652
180	4	653	654	652	242
181	4	305	655	658	657
182	4	655	147	656	658
183	4	658	656	115	116
184	4	657	658	116	117
185	4	422	659	662	529
186	4	659	367	660	662
187	4	662	660	165	661
188	4	529	662	661	336
189	4	333	498	666	665
190	4	498	343	663	666
191	4	666	663	273	664
192	4	665	666	664	271
193	4	283	667	670	477
194	4	667	282	668	670
195	4	670	668	423	669
196	4	477	670	669	365
197	4	436	671	675	674
198	4	671	147	672	675
199	4	675	672	398	673
200	4	674	675	673	260
201	4	4	575	678	49
202	4	575	159	676	678
203	4	678	676	440	677
204	4	49	678	677	48
205	4	294	600	681	680
206	4	600	430	679	681
207	4	681	679	415	648
208	4	680	681	648	275
209	4	302	536	684	558
210	4	536	232	682	684
211	4	684	682	375	683
212	4	558	684	683	303
213	4	329	685	687	686
214	4	685	39	40	687
215	4	687	40	41	609
216	4	686	687	609	306
217	4	137	568	689	688
218	4	568	305	657	689
219	4	689	657	117	118
220	4	688	689	118	119
221	4	248	690	693	643
222	4	690	251	691	693
223	4	693	691	289	692
224	4	643	693	692	253
225	4	333	665	697	696
226	4	665	271	694	697
227	4	697	694	270	695
228	4	696	697	695	236
229	4	417	492	701	700
230	4	492	334	698	701
231	4	701	698	145	699
232	4	700	701	699	335
233	4	39	685	704	38
234	4	685	329	702	704
235	4	704	702	146	703
236	4	38	704	703	37
237	4	271	664	706	705
238	4	664	273	646	706
239	4	706	646	274	606
240	4	705	706	606	272
241	4	370	707	711	710
242	4	707	155	708	711
243	4	711	708	414	709
244	4	710	711	709	427
245	4	142	712	715	714
246	4	712	105	106	715
247	4	715	106	107	713
248	4	714	715	713	337
249	4	332	716	719	718
250	4	716	88	89	719
251	4	719	89	90	717
252	4	718	719	717	154
253	4	324	720	724	723
254	4	720	149	721	724
255	4	724	721	369	722
256	4	723	724	722	323
257	4	320	725	729	728
258	4	725	310	726	729
259	4	729	726	309	727
260	4	728	729	727	308
261	4	86	730	732	85
262	4	730	145	698	732
263	4	732	698	334	731
264	4	85	732	731	84
265	4	401	635	735	734
266	4	635	301	733	735
267	4	735	733	399	490
268	4	734	735	490	151
269	4	145	730	737	736
270	4	730	86	87	737
271	4	737	87	88	716
272	4	736	737	716	332
273	4	63	64	741	740
274	4	64	65	738	741
275	4	741	738	144	739
276	4	740	741	739	331
277	4	427	742	746	745
278	4	742	152	743	746
279	4	746	743	24	744
280	4	745	746	744	342
281	4	45	747	751	750
282	4	747	286	748	751
283	4	751	748	445	749
284	4	750	751	749	383
285	4	148	752	753	494
286	4	752	82	83	753
287	4	753	83	84	731
288	4	494	753	731	334
289	4	82	752	755	81
290	4	752	148	453	755
291	4	755	453	339	754
292	4	81	755	754	80
293	4	205	756	760	759
294	4	756	349	757	760
295	4	760	757	213	758
296	4	759	760	758	206
297	4	65	66	762	738
298	4	66	67	761	762
299	4	762	761	340	641
300	4	738	762	641	144
301	4	244	763	767	766
302	4	763	242	764	767
303	4	767	764	231	765
304	4	766	767	765	243
305	4	353	650	770	769
306	4	650	304	629	770
307	4	770	629	377	768
308	4	769	770	768	202
309	4	338	771	773	772
310	4	771	22	23	773
311	4	773	23	24	743
312	4	772	773	743	152
313	4	143	774	775	613
314	4	774	20	21	775
315	4	775	21	22	771
316	4	613	775	771	338
317	4	153	776	778	777
318	4	776	340	761	778
319	4	778	761	67	68
320	4	777	778	68	69
321	4	158	779	781	780
322	4	779	78	79	781
323	4	781	79	80	754
324	4	780	781	754	339
325	4	220	782	785	784
326	4	782	211	783	785
327	4	785	783	357	496
328	4	784	785	496	333
329	4	261	786	789	503
330	4	786	260	787	789
331	4	789	787	238	788
332	4	503	789	788	239
333	4	141	790	793	792
334	4	790	127	128	793
335	4	793	128	129	791
336	4	792	793	791	344
337	4	324	485	795	720
338	4	485	328	620	795
339	4	795	620	421	794
340	4	720	795	794	149
341	4	275	647	797	796
342	4	647	273	663	797
343	4	797	663	343	468
344	4	796	797	468	287
345	4	131	798	800	130
346	4	798	150	799	800
347	4	800	799	344	791
348	4	130	800	791	129
349	4	111	801	804	110
350	4	801	138	802	804
351	4	804	802	404	803
352	4	110	804	803	109
353	4	159	805	807	676
354	4	805	286	747	807
355	4	807	747	45	806
356	4	676	807	806	440
357	4	45	750	809	44
358	4	750	383	808	809
359	4	809	808	140	610
360	4	44	809	610	43
361	4	54	810	813	53
362	4	810	162	811	813
363	4	813	811	163	812
364	4	53	813	812	5
365	4	345	814	817	816
366	4	814	344	799	817
367	4	817	799	150	815
368	4	816	817	815	346
369	4	299	818	819	571
370	4	818	398	672	819
371	4	819	672	147	655
372	4	571	819	655	305
373	4	133	820	822	132
374	4	820	347	821	822
375	4	822	821	150	798
376	4	132	822	798	131
377	4	274	645	825	607
378	4	645	415	823	825
379	4	825	823	139	824
380	4	607	825	824	381
381	4	329	826	828	702
382	4	826	393	827	828
383	4	828	827	406	516
384	4	702	828	516	146
385	4	264	829	833	832
386	4	829	263	830	833
387	4	833	830	262	831
388	4	832	833	831	235
389	4	194	834	837	527
390	4	834	221	835	837
391	4	837	835	247	836
392	4	527	837	836	246
393	4	239	788	840	554
394	4	788	238	838	840
395	4	840	838	233	839
396	4	554	840	839	222
397	4	242	652	843	764
398	4	652	217	841	843
399	4	843	841	230	842
400	4	764	843	842	231
401	4	333	696	846	784
402	4	696	236	844	846
403	4	846	844	229	845
404	4	784	846	845	220
405	4	412	514	849	848
406	4	514	321	847	849
407	4	849	847	414	708
408	4	848	849	708	155
409	4	330	850	853	455
410	4	850	245	851	853
411	4	853	851	295	852
412	4	455	853	852	296
413	4	226	854	858	857
414	4	854	225	855	858
415	4	858	855	223	856
416	4	857	858	856	213
417	4	263	829	861	860
418	4	829	264	859	861
419	4	861	859	424	520
420	4	860	861	520	266
421	4	246	836	863	556
422	4	836	247	862	863
423	4	863	862	251	690
424	4	556	863	690	248
425	4	327	864	867	866
426	4	864	326	482	867
427	4	867	482	324	865
428	4	866	867	865	325
429	4	325	865	870	869
430	4	865	324	723	870
431	4	870	723	323	868
432	4	869	870	868	269
433	4	105	712	873	104
434	4	712	142	871	873
435	4	873	871	369	872
436	4	104	873	872	103
437	4	214	874	877	876
438	4	874	208	875	877
439	4	877	875	394	552
440	4	876	877	552	222
441	4	418	878	881	573
442	4	878	285	879	881
443	4	881	879	284	880
444	4	573	881	880	160
445	4	270	882	884	695
446	4	882	241	883	884
447	4	884	883	229	844
448	4	695	884	844	236
449	4	265	885	888	887
450	4	885	234	886	888
451	4	888	886	235	831
452	4	887	888	831	262
453	4	317	889	893	892
454	4	889	316	890	893
455	4	893	890	314	891
456	4	892	893	891	315
457	4	186	894	897	896
458	4	894	364	465	897
459	4	897	465	237	895
460	4	896	897	895	182
461	4	235	886	900	899
462	4	886	234	898	900
463	4	900	898	223	855
464	4	899	900	855	225
465	4	229	883	903	902
466	4	883	241	901	903
467	4	903	901	295	851
468	4	902	903	851	245
469	4	311	904	908	907
470	4	904	313	905	908
471	4	908	905	314	906
472	4	907	908	906	312
473	4	290	909	912	911
474	4	909	366	910	912
475	4	912	910	121	122
476	4	911	912	122	123
477	4	222	839	915	876
478	4	839	233	913	915
479	4	915	913	249	914
480	4	876	915	914	214
481	4	113	478	917	112
482	4	478	365	916	917
483	4	917	916	138	801
484	4	112	917	801	111
485	4	206	758	920	919
486	4	758	213	856	920
487	4	920	856	223	918
488	4	919	920	918	212
489	4	196	921	924	923
490	4	921	208	874	924
491	4	924	874	214	922
492	4	923	924	922	198
493	4	288	925	929	928
494	4	925	257	926	929
495	4	929	926	256	927
496	4	928	929	927	250
497	4	331	604	931	740
498	4	604	381	930	931
499	4	931	930	61	62
500	4	740	931	62	63
501	4	230	932	936	935
502	4	932	259	933	936
503	4	936	933	268	934
504	4	935	936	934	258
505	4	325	937	940	866
506	4	937	351	938	940
507	4	940	938	354	939
508	4	866	940	939	327
509	4	233	941	943	913
510	4	941	250	927	943
511	4	943	927	256	942
512	4	913	943	942	249
513	4	308	475	945	728
514	4	475	252	944	945
515	4	945	944	405	587
516	4	728	945	587	320
517	4	229	946	949	845
518	4	946	228	947	949
519	4	949	947	218	948
520	4	845	949	948	220
521	4	199	950	953	952
522	4	950	205	759	953
523	4	953	759	206	951
524	4	952	953	951	201
525	4	209	954	957	956
526	4	954	217	651	957
527	4	957	651	353	955
528	4	956	957	955	203
529	4	90	958	960	717
530	4	958	360	959	960
531	4	960	959	350	548
532	4	717	960	548	154
533	4	201	951	963	962
534	4	951	206	919	963
535	4	963	919	212	961
536	4	962	963	961	386
537	4	59	60	964	566
538	4	60	61	930	964
539	4	964	930	381	824
540	4	566	964	824	139
541	4	16	965	967	15
542	4	965	151	489	967
543	4	967	489	395	966
544	4	15	967	966	14
545	4	377	628	971	970
546	4	628	279	968	971
547	4	971	968	277	969
548	4	970	971	969	278
549	4	306	623	973	686
550	4	623	307	972	973
551	4	973	972	393	826
552	4	686	973	826	329
553	4	402	522	976	975
554	4	522	347	820	976
555	4	976	820	133	974
556	4	975	976	974	371
557	4	209	956	980	979
558	4	956	203	977	980
559	4	980	977	193	978
560	4	979	980	978	204
561	4	199	981	984	983
562	4	981	197	982	984
563	4	984	982	196	923
564	4	983	984	923	198
565	4	190	985	989	988
566	4	985	276	986	989
567	4	989	986	277	987
568	4	988	989	987	255
569	4	119	120	991	688
570	4	120	121	910	991
571	4	991	910	366	990
572	4	688	991	990	137
573	4	197	981	994	993
574	4	981	199	952	994
575	4	994	952	201	992
576	4	993	994	992	200
577	4	351	937	997	996
578	4	937	325	869	997
579	4	997	869	269	995
580	4	996	997	995	385
581	4	261	998	1000	786
582	4	998	429	999	1000
583	4	1000	999	436	674
584	4	786	1000	674	260
585	4	238	1001	1003	838
586	4	1001	352	1002	1003
587	4	1003	1002	250	941
588	4	838	1003	941	233
589	4	220	948	1006	782
590	4	948	218	1004	1006
591	4	1006	1004	210	1005
592	4	782	1006	1005	211
593	4	272	605	1008	1007
594	4	605	331	739	1008
595	4	1008	739	144	640
596	4	1007	1008	640	439
597	4	230	935	1011	842
598	4	935	258	1009	1011
599	4	1011	1009	358	1010
600	4	842	1011	1010	231
601	4	344	814	1013	792
602	4	814	345	510	1013
603	4	1013	510	362	1012
604	4	792	1013	1012	141
605	4	203	1014	1017	977
606	4	1014	192	1015	1017
607	4	1017	1015	187	1016
608	4	977	1017	1016	193
609	4	356	1018	1022	1021
610	4	1018	190	1019	1022
611	4	1022	1019	188	1020
612	4	1021	1022	1020	184
613	4	20	774	1024	19
614	4	774	143	636	1024
615	4	1024	636	401	1023
616	4	19	1024	1023	18
617	4	192	1025	1028	1027
618	4	1025	202	1026	1028
619	4	1028	1026	364	894
620	4	1027	1028	894	186
621	4	202	1025	1029	769
622	4	1025	192	1014	1029
623	4	1029	1014	203	955
624	4	769	1029	955	353
625	4	290	1030	1033	1032
626	4	1030	362	512	1033
627	4	1033	512	267	1031
628	4	1032	1033	1031	257
629	4	197	1034	1037	982
630	4	1034	195	1035	1037
631	4	1037	1035	189	1036
632	4	982	1037	1036	196
633	4	33	1038	1040	32
634	4	1038	155	707	1040
635	4	1040	707	370	1039
636	4	32	1040	1039	31
637	4	149	1041	1042	721
638	4	1041	101	102	1042
639	4	1042	102	103	872
640	4	721	1042	872	369
641	4	37	703	1044	36
642	4	703	146	515	1044
643	4	1044	515	412	1043
644	4	36	1044	1043	35
645	4	218	1045	1048	1004
646	4	1045	219	1046	1048
647	4	1048	1046	359	1047
648	4	1004	1048	1047	210
649	4	223	1049	1052	918
650	4	1049	224	1050	1052
651	4	1052	1050	374	1051
652	4	918	1052	1051	212
653	4	332	1053	1055	736
654	4	1053	380	1054	1055
655	4	1055	1054	335	699
656	4	736	1055	699	145
657	4	198	922	1058	1057
658	4	922	214	914	1058
659	4	1058	914	249	1056
660	4	1057	1058	1056	355
661	4	69	70	1061	777
662	4	70	71	1059	1061
663	4	1061	1059	372	1060
664	4	777	1061	1060	153
665	4	385	1062	1065	1064
666	4	1062	259	932	1065
667	4	1065	932	230	1063
668	4	1064	1065	1063	359
669	4	221	834	1068	1067
670	4	834	194	1066	1068
671	4	1068	1066	189	1035
672	4	1067	1068	1035	195
673	4	205	950	1070	1069
674	4	950	199	983	1070
675	4	1070	983	198	1057
676	4	1069	1070	1057	355
677	4	351	996	1072	1071
678	4	996	385	1064	1072
679	4	1072	1064	359	1046
680	4	1071	1072	1046	219
681	4	177	1073	1077	1076
682	4	1073	175	1074	1077
683	4	1077	1074	174	1075
684	4	1076	1077	1075	176
685	4	231	1010	1079	765
686	4	1010	358	584	1079
687	4	1079	584	298	1078
688	4	765	1079	1078	243
689	4	217	954	1081	841
690	4	954	209	1080	1081
691	4	1081	1080	359	1063
692	4	841	1081	1063	230
693	4	172	1082	1086	1085
694	4	1082	173	1083	1086
695	4	1086	1083	232	1084
696	4	1085	1086	1084	171
697	4	175	1087	1089	1074
698	4	1087	173	1082	1089
699	4	1089	1082	172	1088
700	4	1074	1089	1088	174
701	4	204	1090	1091	979
702	4	1090	210	1047	1091
703	4	1091	1047	359	1080
704	4	979	1091	1080	209
705	4	255	1092	1094	988
706	4	1092	254	1093	1094
707	4	1094	1093	188	1019
708	4	988	1094	1019	190
709	4	317	892	1097	1096
710	4	892	315	1095	1097
711	4	1097	1095	451	596
712	4	1096	1097	596	318
713	4	210	1090	1099	1005
714	4	1090	204	1098	1099
715	4	1099	1098	357	783
716	4	1005	1099	783	211
717	4	192	1027	1102	1015
718	4	1027	186	1100	1102
719	4	1102	1100	183	1101
720	4	1015	1102	1101	187
721	4	257	925	1104	1032
722	4	925	288	1103	1104
723	4	1104	1103	366	909
724	4	1032	1104	909	290
725	4	204	978	1106	1098
726	4	978	193	1105	1106
727	4	1106	1105	207	497
728	4	1098	1106	497	357
729	4	171	1107	1111	1110
730	4	1107	169	1108	1111
731	4	1111	1108	168	1109
732	4	1110	1111	1109	170
733	4	189	1112	1115	1114
734	4	1112	185	1113	1115
735	4	1115	1113	184	1020
736	4	1114	1115	1020	188
737	4	181	1116	1119	1118
738	4	1116	179	1117	1119
739	4	1119	1117	388	592
740	4	1118	1119	592	368
741	4	279	1120	1123	968
742	4	1120	280	1121	1123
743	4	1123	1121	361	1122
744	4	968	1123	1122	277
745	4	354	938	1126	1125
746	4	938	351	1071	1126
747	4	1126	1071	219	1124
748	4	1125	1126	1124	396
749	4	290	911	1129	1128
750	4	911	123	124	1129
751	4	1129	124	125	1127
752	4	1128	1129	1127	438
753	4	195	1034	1131	1130
754	4	1034	197	993	1131
755	4	1131	993	200	589
756	4	1130	1131	589	373
757	4	154	550	1133	718
758	4	550	397	1132	1133
759	4	1133	1132	380	1053
760	4	718	1133	1053	332
761	4	308	727	1135	472
762	4	727	309	1134	1135
763	4	1135	1134	393	972
764	4	472	1135	972	307
765	4	29	1136	1138	28
766	4	1136	425	1137	1138
767	4	1138	1137	26	27
768	4	28	1138	27	2
769	4	277	1122	1140	987
770	4	1122	361	501	1140
771	4	1140	501	348	1139
772	4	987	1140	1139	255
773	4	335	1054	1143	1142
774	4	1054	380	1141	1143
775	4	1143	1141	327	939
776	4	1142	1143	939	354
777	4	73	74	1146	1145
778	4	74	7	75	1146
779	4	1146	75	76	1144
780	4	1145	1146	1144	428
781	4	355	1147	1149	1069
782	4	1147	387	1148	1149
783	4	1149	1148	349	756
784	4	1069	1149	756	205
785	4	277	986	1151	969
786	4	986	276	1150	1151
787	4	1151	1150	443	463
788	4	969	1151	463	278
789	4	183	1152	1155	1154
790	4	1152	181	1118	1155
791	4	1155	1118	368	1153
792	4	1154	1155	1153	216
793	4	101	1041	1157	100
794	4	1041	149	794	1157
795	4	1157	794	421	1156
796	4	100	1157	1156	99
797	4	316	1158	1160	890
798	4	1158	321	517	1160
799	4	1160	517	406	1159
800	4	890	1160	1159	314
801	4	265	887	1163	1162
802	4	887	262	1161	1163
803	4	1163	1161	399	733
804	4	1162	1163	733	301
805	4	147	671	1166	1165
806	4	671	436	1164	1166
807	4	1166	1164	283	480
808	4	1165	1166	480	409
809	4	268	933	1168	1167
810	4	933	259	1062	1168
811	4	1168	1062	385	995
812	4	1167	1168	995	269
813	4	193	1016	1170	1105
814	4	1016	187	1169	1170
815	4	1170	1169	379	470
816	4	1105	1170	470	207
817	4	318	1171	1173	1096
818	4	1171	319	615	1173
819	4	1173	615	416	1172
820	4	1096	1173	1172	317
821	4	238	787	1175	1174
822	4	787	260	673	1175
823	4	1175	673	398	818
824	4	1174	1175	818	299
825	4	354	1176	1178	1142
826	4	1176	408	1177	1178
827	4	1178	1177	417	700
828	4	1142	1178	700	335
829	4	208	921	1181	1180
830	4	921	196	1036	1181
831	4	1181	1036	189	1179
832	4	1180	1181	1179	363
833	4	254	1182	1183	1093
834	4	1182	363	1179	1183
835	4	1183	1179	189	1114
836	4	1093	1183	1114	188
837	4	186	896	1185	1100
838	4	896	182	1184	1185
839	4	1185	1184	181	1152
840	4	1100	1185	1152	183
841	4	189	1066	1187	1112
842	4	1066	194	526	1187
843	4	1187	526	450	1186
844	4	1112	1187	1186	185
845	4	355	1056	1189	1147
846	4	1056	249	942	1189
847	4	1189	942	256	1188
848	4	1147	1189	1188	387
849	4	320	586	1191	1190
850	4	586	200	992	1191
851	4	1191	992	201	962
852	4	1190	1191	962	386
853	4	140	808	1194	1193
854	4	808	383	749	1194
855	4	1194	749	445	1192
856	4	1193	1194	1192	289
857	4	336	661	1198	1197
858	4	661	165	1195	1198
859	4	1198	1195	166	1196
860	4	1197	1198	1196	167
861	4	356	1021	1202	1201
862	4	1021	184	1199	1202
863	4	1202	1199	178	1200
864	4	1201	1202	1200	177
865	4	224	1049	1204	598
866	4	1049	223	898	1204
867	4	1204	898	234	1203
868	4	598	1204	1203	390
869	4	92	93	1207	1206
870	4	93	8	94	1207
871	4	1207	94	95	1205
872	4	1206	1207	1205	433
873	4	182	1208	1210	1184
874	4	1208	180	1209	1210
875	4	1210	1209	179	1116
876	4	1184	1210	1116	181
877	4	137	990	1212	569
878	4	990	366	1103	1212
879	4	1212	1103	288	1211
880	4	569	1212	1211	431
881	4	169	1213	1215	1108
882	4	1213	167	1196	1215
883	4	1215	1196	166	1214
884	4	1108	1215	1214	168
885	4	296	852	1219	1218
886	4	852	295	1216	1219
887	4	1219	1216	446	1217
888	4	1218	1219	1217	400
889	4	171	1110	1221	1085
890	4	1110	170	457	1221
891	4	1221	457	215	1220
892	4	1085	1221	1220	172
893	4	10	1222	1224	9
894	4	1222	434	1223	1224
895	4	1224	1223	135	136
896	4	9	1224	136	1
897	4	337	581	1227	1226
898	4	581	358	1009	1227
899	4	1227	1009	258	1225
900	4	1226	1227	1225	391
901	4	278	462	1228	970
902	4	462	364	1026	1228
903	4	1228	1026	202	768
904	4	970	1228	768	377
905	4	182	895	1231	1208
906	4	895	237	1229	1231
907	4	1231	1229	389	1230
908	4	1208	1231	1230	180
909	4	156	1232	1233	541
910	4	1232	12	13	1233
911	4	1233	13	14	966
912	4	541	1233	966	395
913	4	311	907	1236	1235
914	4	907	312	1234	1236
915	4	1236	1234	393	1134
916	4	1235	1236	1134	309
917	4	346	1237	1239	816
918	4	1237	426	1238	1239
919	4	1239	1238	392	511
920	4	816	1239	511	345
921	4	187	1101	1241	1169
922	4	1101	183	1154	1241
923	4	1241	1154	216	1240
924	4	1169	1241	1240	379
925	4	163	1242	1245	812
926	4	1242	164	1243	1245
927	4	1245	1243	419	1244
928	4	812	1245	1244	5
929	4	424	859	1248	1247
930	4	859	264	1246	1248
931	4	1248	1246	426	1237
932	4	1247	1248	1237	346
933	4	212	1051	1251	961
934	4	1051	374	1249	1251
935	4	1251	1249	437	1250
936	4	961	1251	1250	386
937	4	256	1252	1254	1188
938	4	1252	403	1253	1254
939	4	1254	1253	349	1148
940	4	1188	1254	1148	387
941	4	356	1201	1257	1256
942	4	1201	177	1076	1257
943	4	1257	1076	176	1255
944	4	1256	1257	1255	389
945	4	140	1193	1259	622
946	4	1193	289	691	1259
947	4	1259	691	251	1258
948	4	622	1259	1258	382
949	4	290	1128	1261	1030
950	4	1128	438	1260	1261
951	4	1261	1260	141	1012
952	4	1030	1261	1012	362
953	4	208	1180	1263	875
954	4	1180	363	1182	1263
955	4	1263	1182	254	1262
956	4	875	1263	1262	394
957	4	261	502	1265	998
958	4	502	361	1121	1265
959	4	1265	1121	280	1264
960	4	998	1265	1264	429
961	4	113	114	1266	479
962	4	114	115	656	1266
963	4	1266	656	147	1165
964	4	479	1266	1165	409
965	4	219	1045	1268	1124
966	4	1045	218	947	1268
967	4	1268	947	228	1267
968	4	1124	1268	1267	396
969	4	255	1139	1269	1092
970	4	1139	348	553	1269
971	4	1269	553	394	1262
972	4	1092	1269	1262	254
973	4	380	1132	1270	1141
974	4	1132	397	549	1270
975	4	1270	549	326	864
976	4	1141	1270	864	327
977	4	444	1271	1274	1273
978	4	1271	378	560	1274
979	4	1274	560	447	1272
980	4	1273	1274	1272	227
981	4	322	1275	1277	1276
982	4	1275	416	614	1277
983	4	1277	614	338	772
984	4	1276	1277	772	152
985	4	167	1278	1279	1197
986	4	1278	191	578	1279
987	4	1279	578	411	530
988	4	1197	1279	530	336
989	4	169	1107	1281	1280
990	4	1107	171	1084	1281
991	4	1281	1084	232	535
992	4	1280	1281	535	376
993	4	313	904	1284	1283
994	4	904	311	1282	1284
995	4	1284	1282	437	1249
996	4	1283	1284	1249	374
997	4	280	1120	1287	1286
998	4	1120	279	631	1287
999	4	1287	631	407	1285
1000	4	1286	1287	1285	281
1001	4	242	763	1289	653
1002	4	763	244	1288	1289
1003	4	1289	1288	407	630
1004	4	653	1289	630	304
1005	4	151	965	1290	734
1006	4	965	16	17	1290
1007	4	1290	17	18	1023
1008	4	734	1290	1023	401
1009	4	224	597	1292	1050
1010	4	597	451	1291	1292
1011	4	1292	1291	313	1283
1012	4	1050	1292	1283	374
1013	4	175	1293	1294	1087
1014	4	1293	375	682	1294
1015	4	1294	682	232	1083
1016	4	1087	1294	1083	173
1017	4	263	860	1296	1295
1018	4	860	266	519	1296
1019	4	1296	519	402	539
1020	4	1295	1296	539	291
1021	4	337	713	1297	582
1022	4	713	107	108	1297
1023	4	1297	108	109	803
1024	4	582	1297	803	404
1025	4	275	796	1299	680
1026	4	796	287	1298	1299
1027	4	1299	1298	442	601
1028	4	680	1299	601	294
1029	4	291	487	1300	1295
1030	4	487	399	1161	1300
1031	4	1300	1161	262	830
1032	4	1295	1300	830	263
1033	4	179	1209	1302	1301
1034	4	1209	180	1230	1302
1035	4	1302	1230	389	1255
1036	4	1301	1302	1255	176
1037	4	177	1200	1304	1073
1038	4	1200	178	1303	1304
1039	4	1304	1303	375	1293
1040	4	1073	1304	1293	175
1041	4	292	564	1307	1306
1042	4	564	139	823	1307
1043	4	1307	823	415	1305
1044	4	1306	1307	1305	293
1045	4	195	1130	1309	1067
1046	4	1130	373	588	1309
1047	4	1309	588	405	1308
1048	4	1067	1309	1308	221
1049	4	247	1310	1311	862
1050	4	1310	252	474	1311
1051	4	1311	474	382	1258
1052	4	862	1311	1258	251
1053	4	213	757	1312	857
1054	4	757	349	1253	1312
1055	4	1312	1253	403	505
1056	4	857	1312	505	226
1057	4	354	1125	1314	1176
1058	4	1125	396	1267	1314
1059	4	1314	1267	228	1313
1060	4	1176	1314	1313	408
1061	4	238	1174	1316	1001
1062	4	1174	299	570	1316
1063	4	1316	570	431	1315
1064	4	1001	1316	1315	352
1065	4	257	1031	1317	926
1066	4	1031	267	506	1317
1067	4	1317	506	403	1252
1068	4	926	1317	1252	256
1069	4	281	1285	1320	1319
1070	4	1285	407	1288	1320
1071	4	1320	1288	244	1318
1072	4	1319	1320	1318	413
1073	4	241	882	1323	1322
1074	4	882	270	1321	1323
1075	4	1323	1321	439	639
1076	4	1322	1323	639	384
1077	4	393	1234	1324	827
1078	4	1234	312	906	1324
1079	4	1324	906	314	1159
1080	4	827	1324	1159	406
1081	4	258	934	1327	1225
1082	4	934	268	1325	1327
1083	4	1327	1325	441	1326
1084	4	1225	1327	1326	391
1085	4	167	1213	1328	1278
1086	4	1213	169	1280	1328
1087	4	1328	1280	376	579
1088	4	1278	1328	579	191
1089	4	229	902	1330	946
1090	4	902	245	1329	1330
1091	4	1330	1329	408	1313
1092	4	946	1330	1313	228
1093	4	155	1038	1331	848
1094	4	1038	33	34	1331
1095	4	1331	34	35	1043
1096	4	848	1331	1043	412
1097	4	176	1075	1333	1301
1098	4	1075	174	1332	1333
1099	4	1333	1332	388	1117
1100	4	1301	1333	1117	179
1101	4	372	1334	1336	1060
1102	4	1334	400	1217	1336
1103	4	1336	1217	446	1335
1104	4	1060	1336	1335	153
1105	4	252	1310	1337	944
1106	4	1310	247	835	1337
1107	4	1337	835	221	1308
1108	4	944	1337	1308	405
1109	4	243	1338	1340	766
1110	4	1338	297	1339	1340
1111	4	1340	1339	413	1318
1112	4	766	1340	1318	244
1113	4	253	692	1342	543
1114	4	692	289	1192	1342
1115	4	1342	1192	445	1341
1116	4	543	1342	1341	341
1117	4	411	544	1344	531
1118	4	544	341	1343	1344
1119	4	1344	1343	284	879
1120	4	531	1344	879	285
1121	4	163	811	1348	1347
1122	4	811	162	1345	1348
1123	4	1348	1345	420	1346
1124	4	1347	1348	1346	240
1125	4	12	1232	1350	11
1126	4	1232	156	1349	1350
1127	4	1350	1349	434	1222
1128	4	11	1350	1222	10
1129	4	174	1088	1351	1332
1130	4	1088	172	1220	1351
1131	4	1351	1220	215	593
1132	4	1332	1351	593	388
1133	4	316	889	1353	1352
1134	4	889	317	1172	1353
1135	4	1353	1172	416	1275
1136	4	1352	1353	1275	322
1137	4	321	1158	1355	847
1138	4	1158	316	1352	1355
1139	4	1355	1352	322	1354
1140	4	847	1355	1354	414
1141	4	165	660	1358	1357
1142	4	660	367	1356	1358
1143	4	1358	1356	419	1243
1144	4	1357	1358	1243	164
1145	4	269	868	1360	1167
1146	4	868	323	1359	1360
1147	4	1360	1359	441	1325
1148	4	1167	1360	1325	268
1149	4	292	1361	1363	625
1150	4	1361	444	1362	1363
1151	4	1363	1362	240	1346
1152	4	625	1363	1346	420
1153	4	31	1039	1365	30
1154	4	1039	370	1364	1365
1155	4	1365	1364	425	1136
1156	4	30	1365	1136	29
1157	4	157	1366	1367	619
1158	4	1366	97	98	1367
1159	4	1367	98	99	1156
1160	4	619	1367	1156	421
1161	4	330	493	1368	850
1162	4	493	417	1177	1368
1163	4	1368	1177	408	1329
1164	4	850	1368	1329	245
1165	4	71	72	1370	1059
1166	4	72	73	1145	1370
1167	4	1370	1145	428	1369
1168	4	1059	1370	1369	372
1169	4	234	885	1373	1203
1170	4	885	265	1371	1373
1171	4	1373	1371	449	1372
1172	4	1203	1373	1372	390
1173	4	178	1374	1375	1303
1174	4	1374	450	525	1375
1175	4	1375	525	303	683
1176	4	1303	1375	683	375
1177	4	350	959	1378	618
1178	4	959	360	1376	1378
1179	4	1378	1376	433	1377
1180	4	618	1378	1377	157
1181	4	90	91	1379	958
1182	4	91	92	1206	1379
1183	4	1379	1206	433	1376
1184	4	958	1379	1376	360
1185	4	237	464	1381	1229
1186	4	464	443	1380	1381
1187	4	1381	1380	356	1256
1188	4	1229	1381	1256	389
1189	4	24	25	1383	744
1190	4	25	26	1137	1383
1191	4	1383	1137	425	1382
1192	4	744	1383	1382	342
1193	4	78	779	1385	77
1194	4	779	158	1384	1385
1195	4	1385	1384	428	1144
1196	4	77	1385	1144	76
1197	4	337	1226	1387	714
1198	4	1226	391	1326	1387
1199	4	1387	1326	441	1386
1200	4	714	1387	1386	142
1201	4	323	722	1388	1359
1202	4	722	369	871	1388
1203	4	1388	871	142	1386
1204	4	1359	1388	1386	441
1205	4	235	899	1390	832
1206	4	899	225	1389	1390
1207	4	1390	1389	426	1246
1208	4	832	1390	1246	264
1209	4	127	790	1391	126
1210	4	790	141	1260	1391
1211	4	1391	1260	438	1127
1212	4	126	1391	1127	125
1213	4	347	521	1392	821
1214	4	521	424	1247	1392
1215	4	1392	1247	346	815
1216	4	821	1392	815	150
1217	4	281	1319	1395	1394
1218	4	1319	413	1393	1395
1219	4	1395	1393	423	668
1220	4	1394	1395	668	282
1221	4	309	726	1397	1235
1222	4	726	310	1396	1397
1223	4	1397	1396	437	1282
1224	4	1235	1397	1282	311
1225	4	281	1394	1399	1286
1226	4	1394	282	1398	1399
1227	4	1399	1398	429	1264
1228	4	1286	1399	1264	280
1229	4	419	1356	1402	1401
1230	4	1356	367	659	1402
1231	4	1402	659	422	1400
1232	4	1401	1402	1400	161
1233	4	250	1002	1403	928
1234	4	1002	352	1315	1403
1235	4	1403	1315	431	1211
1236	4	928	1403	1211	288
1237	4	97	1366	1404	96
1238	4	1366	157	1377	1404
1239	4	1404	1377	433	1205
1240	4	96	1404	1205	95
1241	4	314	905	1405	891
1242	4	905	313	1291	1405
1243	4	1405	1291	451	1095
1244	4	891	1405	1095	315
1245	4	400	1334	1407	1406
1246	4	1334	372	1369	1407
1247	4	1407	1369	428	1384
1248	4	1406	1407	1384	158
1249	4	241	1322	1409	901
1250	4	1322	384	1408	1409
1251	4	1409	1408	446	1216
1252	4	901	1409	1216	295
1253	4	402	975	1411	540
1254	4	975	371	1410	1411
1255	4	1411	1410	434	1349
1256	4	540	1411	1349	156
1257	4	319	1171	1413	1412
1258	4	1171	318	595	1413
1259	4	1413	595	390	1372
1260	4	1412	1413	1372	449
1261	4	429	1398	1414	999
1262	4	1398	282	667	1414
1263	4	1414	667	283	1164
1264	4	999	1414	1164	436
1265	4	271	705	1415	694
1266	4	705	272	1007	1415
1267	4	1415	1007	439	1321
1268	4	694	1415	1321	270
1269	4	287	467	1417	1298
1270	4	467	379	1240	1417
1271	4	1417	1240	216	1416
1272	4	1298	1417	1416	442
1273	4	425	1364	1418	1382
1274	4	1364	370	710	1418
1275	4	1418	710	427	745
1276	4	1382	1418	745	342
1277	4	415	679	1420	1305
1278	4	679	430	561	1420
1279	4	1420	561	378	1419
1280	4	1305	1420	1419	293
1281	4	243	1078	1423	1338
1282	4	1078	298	1421	1423
1283	4	1423	1421	448	1422
1284	4	1338	1423	1422	297
1285	4	160	880	1425	574
1286	4	880	284	1424	1425
1287	4	1425	1424	286	805
1288	4	574	1425	805	159
1289	4	133	134	1426	974
1290	4	134	135	1223	1426
1291	4	1426	1223	434	1410
1292	4	974	1426	1410	371
1293	4	138	1427	1428	802
1294	4	1427	448	1421	1428
1295	4	1428	1421	298	583
1296	4	802	1428	583	404
1297	4	153	1335	1429	776
1298	4	1335	446	1408	1429
1299	4	1429	1408	384	638
1300	4	776	1429	638	340
1301	4	5	1244	1431	52
1302	4	1244	419	1401	1431
1303	4	1431	1401	161	1430
1304	4	52	1431	1430	51
1305	4	435	602	1432	591
1306	4	602	442	1416	1432
1307	4	1432	1416	216	1153
1308	4	591	1432	1153	368
1309	4	184	1113	1433	1199
1310	4	1113	185	1186	1433
1311	4	1433	1186	450	1374
1312	4	1199	1433	1374	178
1313	4	293	1419	1434	1306
1314	4	1419	378	1271	1434
1315	4	1434	1271	444	1361
1316	4	1306	1434	1361	292
1317	4	226	508	1435	854
1318	4	508	392	1238	1435
1319	4	1435	1238	426	1389
1320	4	854	1435	1389	225
1321	4	51	1430	1437	50
1322	4	1430	161	1436	1437
1323	4	1437	1436	418	576
1324	4	50	1437	576	4
1325	4	190	1018	1438	985
1326	4	1018	356	1380	1438
1327	4	1438	1380	443	1150
1328	4	985	1438	1150	276
1329	4	320	1190	1439	725
1330	4	1190	386	1250	1439
1331	4	1439	1250	437	1396
1332	4	725	1439	1396	310
1333	4	301	634	1441	1162
1334	4	634	410	1440	1441
1335	4	1441	1440	449	1371
1336	4	1162	1441	1371	265
1337	4	143	616	1442	633
1338	4	616	319	1412	1442
1339	4	1442	1412	449	1440
1340	4	633	1442	1440	410
1341	4	168	1214	1446	1445
1342	4	1214	166	1443	1446
1343	4	1446	1443	432	1444
1344	4	1445	1446	1444	227
1345	4	152	742	1447	1276
1346	4	742	427	709	1447
1347	4	1447	709	414	1354
1348	4	1276	1447	1354	322
1349	4	165	1357	1449	1195
1350	4	1357	164	1448	1449
1351	4	1449	1448	432	1443
1352	4	1195	1449	1443	166
1353	4	413	1339	1451	1393
1354	4	1339	297	1422	1451
1355	4	1451	1422	448	1450
1356	4	1393	1451	1450	423
1357	4	365	669	1452	916
1358	4	669	423	1450	1452
1359	4	1452	1450	448	1427
1360	4	916	1452	1427	138
1361	4	285	878	1453	532
1362	4	878	418	1436	1453
1363	4	1453	1436	161	1400
1364	4	532	1453	1400	422
1365	4	168	1445	1454	1109
1366	4	1445	227	1272	1454
1367	4	1454	1272	447	458
1368	4	1109	1454	458	170
1369	4	284	1343	1455	1424
1370	4	1343	341	1341	1455
1371	4	1455	1341	445	748
1372	4	1424	1455	748	286
1373	4	163	1347	1457	1242
1374	4	1347	240	1456	1457
1375	4	1457	1456	432	1448
1376	4	1242	1457	1448	164
1377	4	227	1444	1458	1273
1378	4	1444	432	1456	1458
1379	4	1458	1456	240	1362
1380	4	1273	1458	1362	444
1381	4	48	677	1459	47
1382	4	677	440	806	1459
1383	4	1459	806	45	46
1384	4	47	1459	46	3
1385	4	54	55	1460	810
1386	4	55	6	626	1460
1387	4	1460	626	420	1345
1388	4	810	1460	1345	162
1389	4	296	1218	1461	452
1390	4	1218	400	1406	1461
1391	4	1461	1406	158	780
1392	4	452	1461	780	339
No._nodes_with_prescribed_DOFs: 44
Node_#, DOF#, Value:
1	1	0
1	2	-0.0021
2	2	-0.0021
9	2	-0.0021
10	2	-0.0021
11	2	-0.0021
12	2	-0.0021
13	2	-0.0021
14	2	-0.0021
15	2	-0.0021
16	2	-0.0021
17	2	-0.0021
18	2	-0.0021
19	2	-0.0021
20	2	-0.0021
21	2	-0.0021
22	2	-0.0021
23	2	-0.0021
24	2	-0.0021
25	2	-0.0021
26	2	-0.0021
27	2	-0.0021
8	1	0
7	2	0.0021
8	2	0.0021
75	2	0.0021
76	2	0.0021
77	2	0.0021
78	2	0.0021
79	2	0.0021
80	2	0.0021
81	2	0.0021
82	2	0.0021
83	2	0.0021
84	2	0.0021
85	2	0.0021
86	2	0.0021
87	2	0.0021
88	2	0.0021
89	2	0.0021
90	2	0.0021
91	2	0.0021
92	2	0.0021
93	2	0.0021