No._nodes: 1458
Nodal_coords:
0 0 
25 0 
25 25 
23 25 
23 26 
25 26 
25 51 
0 51 
0 26 
0 25 
0.9615384615346383 0 
1.923076923069285 0 
2.884615384604466 0 
3.846153846138365 0 
4.807692307671836 0 
5.769230769205306 0 
6.730769230738777 0 
7.692307692272246 0 
8.653846153808358 0 
9.615384615345242 0 
10.57692307688213 0 
11.53846153841901 0 
12.4999999999559 0 
13.46153846149279 0 
14.42307692302967 0 
15.38461538456655 0 
16.34615384610649 0 
17.30769230765021 0 
18.26923076919393 0 
19.23076923073765 0 
20.19230769228138 0 
21.15384615382511 0 
22.11538461536883 0 
23.07692307691255 0 
24.03846153845628 0 
25 0.9615384615346383 
25 1.923076923069285 
25 2.884615384604466 
25 3.846153846138365 
25 4.807692307671836 
25 5.769230769205306 
25 6.730769230738777 
25 7.692307692272246 
25 8.653846153808358 
25 9.615384615345242 
25 10.57692307688213 
25 11.53846153841901 
25 12.4999999999559 
25 13.46153846149279 
25 14.42307692302967 
25 15.38461538456655 
25 16.34615384610649 
25 17.30769230765021 
25 18.26923076919393 
25 19.23076923073765 
25 20.19230769228138 
25 21.15384615382511 
25 22.11538461536883 
25 23.07692307691255 
25 24.03846153845628 
24 25 
22.04166666666276 25 
21.08333333333154 25 
20.12499999999453 25 
19.16666666667094 25 
18.20833333334804 25 
17.25000000002515 25 
16.29166666670225 25 
15.33333333337357 25 
14.37500000004327 25 
13.41666666671298 25 
12.45833333338268 25 
11.50000000005204 25 
10.54166666671468 25 
9.583333333376974 25 
8.62500000003927 25 
7.666666666701566 25 
6.708333333363864 25 
5.750000000026169 25 
4.791666666688471 25 
3.83333333335078 25 
2.875000000013085 25 
1.916666666675386 25 
0.9583333333376913 25 
0 24.03846153846837 
0 23.07692307693674 
0 22.11538461540512 
0 21.15384615387349 
0 20.19230769234186 
0 19.23076923081023 
0 18.2692307692786 
0 17.30769230774697 
0 16.34615384621534 
0 15.38461538467993 
0 14.42307692314147 
0 13.46153846160301 
0 12.50000000006455 
0 11.53846153852609 
0 10.57692307698763 
0 9.615384615449177 
0 8.653846153907672 
0 7.692307692362377 
0 6.730769230817081 
0 5.769230769271779 
0 4.807692307726484 
0 3.846153846181188 
0 2.884615384635893 
0 1.923076923090594 
0 0.9615384615452989 
0.9583333333302234 26 
1.916666666660227 26 
2.874999999991357 26 
3.833333333320955 26 
4.791666666650469 26 
5.749999999979983 26 
6.708333333309498 26 
7.666666666639012 26 
8.624999999968523 26 
9.583333333298032 26 
10.54166666662754 26 
11.4999999999574 26 
12.45833333329397 26 
13.41666666663089 26 
14.37499999996781 26 
15.33333333330472 26 
16.29166666664164 26 
17.24999999997855 26 
18.20833333331546 26 
19.16666666665237 26 
20.12499999998927 26 
21.08333333332618 26 
22.04166666666309 26 
24 26 
25 26.96153846152853 
25 27.92307692305707 
25 28.8846153845856 
25 29.84615384611413 
25 30.80769230764267 
25 31.7692307691712 
25 32.73076923069974 
25 33.69230769222827 
25 34.6538461537568 
25 35.61538461528534 
25 36.57692307681387 
25 37.5384615383424 
25 38.49999999987094 
25 39.46153846139947 
25 40.423076922928 
25 41.38461538445654 
25 42.34615384599724 
25 43.3076923075531 
25 44.26923076910897 
25 45.23076923066483 
25 46.19230769222069 
25 47.15384615377656 
25 48.11538461533242 
25 49.07692307688828 
25 50.03846153844414 
24.03846153846837 51 
23.07692307693674 51 
22.11538461540512 51 
21.15384615387349 51 
20.19230769234186 51 
19.23076923081023 51 
18.2692307692786 51 
17.30769230774697 51 
16.34615384621534 51 
15.38461538467993 51 
14.42307692314147 51 
13.46153846160301 51 
12.50000000006455 51 
11.53846153852609 51 
10.57692307698763 51 
9.615384615449177 51 
8.653846153907672 51 
7.692307692362377 51 
6.730769230817081 51 
5.769230769271779 51 
4.807692307726484 51 
3.846153846181188 51 
2.884615384635893 51 
1.923076923090594 51 
0.9615384615452989 51 
0 50.03846153846821 
0 49.07692307693642 
0 48.11538461540464 
0 47.15384615387285 
0 46.19230769234106 
0 45.23076923080927 
0 44.26923076927748 
0 43.30769230774569 
0 42.3461538462139 
0 41.38461538468211 
0 40.42307692315033 
0 39.46153846161854 
0 38.50000000008675 
0 37.53846153855496 
0 36.57692307702317 
0 35.61538461549138 
0 34.65384615394743 
0 33.69230769238831 
0 32.73076923082919 
0 31.76923076927274 
0 30.80769230772729 
0 29.84615384618183 
0 28.88461538463637 
0 27.92307692309091 
0 26.96153846154546 
0.9614151873732172 0.9615384615448895 
0.961291913211796 1.923076923089776 
0.9611686390503746 2.884615384634687 
0.9610453648889534 3.846153846179544 
0.9609220907275321 4.807692307724385 
0.9607988165661112 5.769230769269226 
0.9606755424046902 6.730769230814075 
0.960552268243269 7.692307692358917 
0.9604289940818473 8.653846153903856 
0.9603057199204263 9.615384615445185 
0.9601824457590054 10.57692307698358 
0.9600591715975845 11.53846153852198 
0.9599358974361635 12.50000000006038 
0.9598126232747425 13.46153846159878 
0.9596893491133217 14.42307692313718 
0.9595660749519004 15.38461538467557 
0.9594428007904799 16.34615384621116 
0.9593195266290587 17.30769230774325 
0.959196252467638 18.26923076927535 
0.959072978306217 19.23076923080744 
0.958949704144796 20.19230769233954 
0.9588264299833752 21.15384615387163 
0.9587031558219541 22.11538461540372 
0.9585798816605333 23.07692307693581 
0.9584566074991124 24.03846153846791 
1.922830374746443 0.96153846154448 
1.9225838264236 1.923076923088958 
1.922337278100758 2.88461538463348 
1.922090729777915 3.8461538461779 
1.921844181455072 4.807692307722289 
1.92159763313223 5.769230769266676 
1.921351084809388 6.730769230811069 
1.921104536486545 7.692307692355457 
1.920857988163702 8.653846153900044 
1.920611439840859 9.615384615441192 
1.920364891518017 10.57692307697953 
1.920118343195175 11.53846153851787 
1.919871794872333 12.50000000005621 
1.919625246549491 13.46153846159454 
1.919378698226649 14.42307692313289 
1.919132149903807 15.38461538467122 
1.918885601580965 16.34615384620698 
1.918639053258123 17.30769230773954 
1.918392504935281 18.2692307692721 
1.918145956612438 19.23076923080465 
1.917899408289596 20.19230769233721 
1.917652859966755 21.15384615386977 
1.917406311643912 22.11538461540233 
1.917159763321071 23.07692307693489 
1.916913214998228 24.03846153846745 
2.884245562120181 0.9615384615440705 
2.883875739635897 1.923076923088139 
2.883505917151612 2.884615384632273 
2.883136094667328 3.846153846176255 
2.882766272183044 4.807692307720188 
2.882396449698759 5.769230769264121 
2.882026627214475 6.730769230808063 
2.881656804730191 7.692307692351992 
2.881286982245906 8.653846153896232 
2.880917159761621 9.615384615437206 
2.880547337277338 10.57692307697548 
2.880177514793055 11.53846153851376 
2.879807692308771 12.50000000005204 
2.879437869824488 13.46153846159031 
2.879068047340204 14.42307692312859 
2.878698224855921 15.38461538466687 
2.878328402371637 16.3461538462028 
2.877958579887353 17.30769230773582 
2.87758875740307 18.26923076926885 
2.877218934918786 19.23076923080187 
2.876849112434502 20.19230769233489 
2.876479289950219 21.15384615386791 
2.876109467465935 22.11538461540093 
2.875739644981652 23.07692307693396 
2.875369822497368 24.03846153846698 
3.845660749492687 0.9615384615436617 
3.84516765284701 1.923076923087321 
3.844674556201333 2.884615384631067 
3.844181459555656 3.846153846174611 
3.843688362909979 4.80769230771809 
3.843195266264302 5.76923076926157 
3.842702169618626 6.730769230805055 
3.842209072972949 7.692307692348533 
3.841715976327271 8.653846153892417 
3.841222879681594 9.615384615433214 
3.840729783035918 10.57692307697143 
3.840236686390242 11.53846153850965 
3.839743589744567 12.50000000004787 
3.83925049309889 13.46153846158608 
3.838757396453215 14.4230769231243 
3.838264299807538 15.38461538466251 
3.837771203161863 16.34615384619863 
3.837278106516187 17.30769230773211 
3.836785009870511 18.26923076926559 
3.836291913224835 19.23076923079909 
3.835798816579159 20.19230769233257 
3.835305719933483 21.15384615386606 
3.834812623287807 22.11538461539954 
3.834319526642131 23.07692307693303 
3.833826429996456 24.03846153846652 
4.807075936864782 0.9615384615432523 
4.806459566057729 1.923076923086503 
4.805843195250676 2.88461538462986 
4.805226824443622 3.846153846172967 
4.804610453636569 4.807692307715993 
4.803994082829517 5.769230769259018 
4.803377712022463 6.73076923080205 
4.802761341215409 7.692307692345072 
4.802144970408356 8.653846153888605 
4.801528599601302 9.615384615429223 
4.800912228794251 10.57692307696738 
4.800295857987199 11.53846153850553 
4.799679487180148 12.50000000004369 
4.799063116373095 13.46153846158185 
4.798446745566043 14.42307692312001 
4.797830374758992 15.38461538465816 
4.797214003951939 16.34615384619445 
4.796597633144887 17.30769230772839 
4.795981262337835 18.26923076926235 
4.795364891530784 19.2307692307963 
4.794748520723731 20.19230769233024 
4.794132149916678 21.1538461538642 
4.793515779109626 22.11538461539815 
4.792899408302575 23.0769230769321 
4.792283037495523 24.03846153846606 
5.768491124236876 0.9615384615428426 
5.767751479268447 1.923076923085685 
5.767011834300017 2.884615384628653 
5.766272189331588 3.846153846171322 
5.765532544363158 4.807692307713893 
5.764792899394731 5.769230769256465 
5.7640532544263 6.73076923079904 
5.763313609457873 7.692307692341611 
5.762573964489443 8.653846153884793 
5.761834319521012 9.615384615425233 
5.761094674552584 10.57692307696333 
5.760355029584157 11.53846153850142 
5.759615384615731 12.50000000003952 
5.758875739647302 13.46153846157762 
5.758136094678875 14.42307692311571 
5.757396449710447 15.38461538465381 
5.756656804742019 16.34615384619027 
5.755917159773592 17.30769230772468 
5.755177514805164 18.26923076925909 
5.754437869836735 19.23076923079352 
5.753698224868308 20.19230769232793 
5.752958579899881 21.15384615386234 
5.752218934931451 22.11538461539676 
5.751479289963026 23.07692307693117 
5.750739644994597 24.03846153846559 
6.729906311608971 0.9615384615424334 
6.729043392479166 1.923076923084867 
6.72818047334936 2.884615384627446 
6.727317554219555 3.846153846169678 
6.72645463508975 4.807692307711797 
6.725591715959944 5.769230769253912 
6.724728796830139 6.730769230796034 
6.723865877700332 7.692307692338151 
6.723002958570527 8.653846153880977 
6.722140039440724 9.61538461542124 
6.721277120310917 10.57692307695928 
6.720414201181116 11.53846153849731 
6.719551282051311 12.50000000003535 
6.718688362921508 13.46153846157338 
6.717825443791705 14.42307692311142 
6.7169625246619 15.38461538464945 
6.716099605532097 16.34615384618609 
6.715236686402294 17.30769230772096 
6.714373767272489 18.26923076925584 
6.713510848142684 19.23076923079073 
6.712647929012883 20.1923076923256 
6.711785009883078 21.15384615386049 
6.710922090753275 22.11538461539536 
6.710059171623472 23.07692307693024 
6.709196252493668 24.03846153846512 
7.691321498981065 0.9615384615420243 
7.690335305689884 1.923076923084049 
7.689349112398702 2.884615384626239 
7.688362919107521 3.846153846168034 
7.68737672581634 4.807692307709698 
7.686390532525158 5.76923076925136 
7.685404339233978 6.73076923079303 
7.684418145942795 7.692307692334692 
7.683431952651614 8.653846153877165 
7.682445759360434 9.615384615417247 
7.681459566069254 10.57692307695523 
7.680473372778077 11.5384615384932 
7.679487179486896 12.50000000003118 
7.678500986195717 13.46153846156915 
7.677514792904537 14.42307692310713 
7.676528599613359 15.3846153846451 
7.675542406322178 16.3461538461819 
7.674556213031 17.30769230771725 
7.673570019739821 18.26923076925259 
7.672583826448642 19.23076923078793 
7.671597633157464 20.19230769232328 
7.670611439866283 21.15384615385863 
7.669625246575104 22.11538461539396 
7.668639053283925 23.07692307692932 
7.667652859992745 24.03846153846465 
8.652736686355697 0.9615384615416147 
8.651627218903041 1.92307692308323 
8.650517751450378 2.884615384625033 
8.649408283997719 3.84615384616639 
8.648298816545063 4.807692307707599 
8.647189349092404 5.769230769248808 
8.646079881639745 6.730769230790022 
8.644970414187089 7.69230769233123 
8.643860946734428 8.653846153873353 
8.642751479281772 9.615384615413261 
8.641642011829116 10.57692307695118 
8.640532544376459 11.53846153848909 
8.639423076923801 12.500000000027 
8.638313609471147 13.46153846156492 
8.63720414201849 14.42307692310283 
8.636094674565832 15.38461538464075 
8.634985207113175 16.34615384617773 
8.633875739660519 17.30769230771353 
8.632766272207864 18.26923076924934 
8.631656804755206 19.23076923078515 
8.630547337302552 20.19230769232096 
8.629437869849893 21.15384615385676 
8.628328402397235 22.11538461539257 
8.627218934944583 23.07692307692839 
8.626109467491924 24.03846153846419 
9.614151873731078 0.9615384615412054 
9.612919132116913 1.923076923082412 
9.611686390502747 2.884615384623825 
9.61045364888858 3.846153846164745 
9.609220907274411 4.8076923077055 
9.607988165660249 5.769230769246255 
9.606755424046083 6.730769230787015 
9.605522682431918 7.692307692327768 
9.60428994081775 8.653846153869537 
9.603057199203587 9.615384615409269 
9.601824457589423 10.57692307694712 
9.600591715975261 11.53846153848498 
9.599358974361095 12.50000000002283 
9.598126232746935 13.46153846156069 
9.596893491132768 14.42307692309854 
9.595660749518606 15.38461538463639 
9.594428007904442 16.34615384617354 
9.593195266290278 17.30769230770981 
9.591962524676118 18.26923076924609 
9.590729783061954 19.23076923078236 
9.589497041447791 20.19230769231863 
9.588264299833627 21.15384615385491 
9.587031558219465 22.11538461539118 
9.585798816605299 23.07692307692746 
9.584566074991137 24.03846153846373 
10.57556706110646 0.9615384615407961 
10.57421104533078 1.923076923081594 
10.57285502955511 2.884615384622619 
10.57149901377944 3.846153846163101 
10.57014299800377 4.807692307703402 
10.5687869822281 5.769230769243702 
10.56743096645242 6.730769230784009 
10.56607495067675 7.692307692324308 
10.56471893490107 8.653846153865723 
10.5633629191254 9.615384615405274 
10.56200690334973 10.57692307694307 
10.56065088757406 11.53846153848086 
10.55929487179839 12.50000000001866 
10.55793885602272 13.46153846155646 
10.55658284024705 14.42307692309425 
10.55522682447138 15.38461538463204 
10.55387080869571 16.34615384616936 
10.55251479292004 17.30769230770609 
10.55115877714437 18.26923076924284 
10.5498027613687 19.23076923077957 
10.54844674559303 20.19230769231632 
10.54709072981736 21.15384615385306 
10.54573471404169 22.11538461538979 
10.54437869826602 23.07692307692653 
10.54302268249035 24.03846153846327 
11.53698224848182 0.961538461540387 
11.53550295854463 1.923076923080775 
11.53402366860743 2.884615384621413 
11.53254437867024 3.846153846161457 
11.53106508873304 4.807692307701304 
11.52958579879585 5.769230769241149 
11.52810650885866 6.730769230781 
11.52662721892147 7.692307692320847 
11.52514792898427 8.653846153861913 
11.52366863904708 9.61538461540129 
11.52218934910989 10.57692307693902 
11.5207100591727 11.53846153847675 
11.51923076923551 12.50000000001449 
11.51775147929832 13.46153846155222 
11.51627218936113 14.42307692308995 
11.51479289942394 15.38461538462769 
11.51331360948675 16.34615384616519 
11.51183431954956 17.30769230770239 
11.51035502961237 18.26923076923959 
11.50887573967518 19.23076923077679 
11.50739644973799 20.19230769231399 
11.5059171598008 21.1538461538512 
11.50443786986361 22.11538461538839 
11.50295857992641 23.0769230769256 
11.50147928998923 24.0384615384628 
12.49839743585692 0.9615384615399774 
12.49679487175795 1.923076923079958 
12.49519230765898 2.884615384620206 
12.49358974356001 3.846153846159813 
12.49198717946104 4.807692307699206 
12.49038461536207 5.769230769238598 
12.4887820512631 6.730769230777993 
12.48717948716412 7.692307692317385 
12.48557692306515 8.653846153858098 
12.48397435896618 9.615384615397293 
12.48237179486721 10.57692307693497 
12.48076923076824 11.53846153847264 
12.47916666666927 12.50000000001032 
12.4775641025703 13.46153846154799 
12.47596153847134 14.42307692308566 
12.47435897437236 15.38461538462333 
12.4727564102734 16.34615384616101 
12.47115384617443 17.30769230769867 
12.46955128207546 18.26923076923634 
12.46794871797649 19.230769230774 
12.46634615387753 20.19230769231167 
12.46474358977856 21.15384615384934 
12.46314102567958 22.115384615387 
12.46153846158062 23.07692307692467 
12.45993589748165 24.03846153846233 
13.45981262323202 0.961538461539568 
13.45808678497126 1.92307692307914 
13.45636094671049 2.884615384618999 
13.45463510844973 3.846153846158169 
13.45290927018896 4.807692307697106 
13.4511834319282 5.769230769236046 
13.44945759366744 6.730769230774989 
13.44773175540668 7.692307692313926 
13.4460059171459 8.653846153854282 
13.44428007888514 9.615384615393305 
13.44255424062439 10.57692307693092 
13.44082840236362 11.53846153846853 
13.43910256410286 12.50000000000614 
13.4373767258421 13.46153846154376 
13.43565088758134 14.42307692308137 
13.43392504932058 15.38461538461898 
13.43219921105982 16.34615384615683 
13.43047337279906 17.30769230769495 
13.4287475345383 18.26923076923309 
13.42702169627754 19.23076923077122 
13.42529585801678 20.19230769230935 
13.42357001975602 21.15384615384749 
13.42184418149526 22.11538461538561 
13.4201183432345 23.07692307692374 
13.41839250497374 24.03846153846187 
14.42122781060711 0.9615384615391586 
14.41937869818455 1.923076923078321 
14.417529585762 2.884615384617792 
14.41568047333944 3.846153846156524 
14.41383136091689 4.807692307695008 
14.41198224849433 5.769230769233493 
14.41013313607178 6.730769230771982 
14.40828402364922 7.692307692310465 
14.40643491122666 8.65384615385047 
14.40458579880411 9.615384615389315 
14.40273668638156 10.57692307692687 
14.400887573959 11.53846153846442 
14.39903846153645 12.50000000000197 
14.3971893491139 13.46153846153953 
14.39534023669135 14.42307692307708 
14.3934911242688 15.38461538461463 
14.39164201184624 16.34615384615265 
14.38979289942369 17.30769230769123 
14.38794378700114 18.26923076922983 
14.38609467457859 19.23076923076843 
14.38424556215604 20.19230769230702 
14.38239644973348 21.15384615384562 
14.38054733731092 22.11538461538422 
14.37869822488838 23.07692307692281 
14.37684911246582 24.03846153846141 
15.3826429979822 0.9615384615387494 
15.38067061139786 1.923076923077503 
15.37869822481351 2.884615384616586 
15.37672583822916 3.846153846154879 
15.37475345164481 4.807692307692911 
15.37278106506047 5.769230769230941 
15.37080867847612 6.730769230768974 
15.36883629189177 7.692307692307005 
15.36686390530742 8.653846153846658 
15.36489151872308 9.615384615385322 
15.36291913213873 10.57692307692282 
15.36094674555438 11.53846153846031 
15.35897435897004 12.4999999999978 
15.3570019723857 13.46153846153529 
15.35502958580135 14.42307692307279 
15.35305719921701 15.38461538461027 
15.35108481263267 16.34615384614847 
15.34911242604832 17.30769230768752 
15.34714003946398 18.26923076922657 
15.34516765287963 19.23076923076564 
15.34319526629529 20.1923076923047 
15.34122287971094 21.15384615384376 
15.3392504931266 22.11538461538282 
15.33727810654226 23.07692307692188 
15.33530571995792 24.03846153846094 
16.34405818536017 0.9615384615383402 
16.34196252461384 1.923076923076685 
16.33986686386752 2.884615384615378 
16.33777120312121 3.846153846153236 
16.33567554237489 4.807692307690811 
16.33357988162857 5.769230769228388 
16.33148422088225 6.730769230765969 
16.32938856013593 7.692307692303544 
16.32729289938961 8.653846153842842 
16.32519723864329 9.61538461538133 
16.32310157789697 10.57692307691876 
16.32100591715066 11.5384615384562 
16.31891025640434 12.49999999999363 
16.31681459565803 13.46153846153106 
16.31471893491172 14.42307692306849 
16.3126232741654 15.38461538460592 
16.31052761341908 16.34615384614428 
16.30843195267277 17.30769230768381 
16.30633629192646 18.26923076922333 
16.30424063118014 19.23076923076285 
16.30214497043383 20.19230769230237 
16.30004930968751 21.1538461538419 
16.2979536489412 22.11538461538143 
16.29585798819488 23.07692307692096 
16.29376232744857 24.03846153846048 
17.30547337274155 0.9615384615379305 
17.30325443783289 1.923076923075866 
17.30103550292423 2.884615384614173 
17.29881656801557 3.846153846151591 
17.29659763310691 4.807692307688713 
17.29437869819825 5.769230769225837 
17.2921597632896 6.730769230762962 
17.28994082838093 7.692307692300082 
17.28772189347227 8.65384615383903 
17.28550295856362 9.615384615377341 
17.28328402365496 10.57692307691471 
17.28106508874631 11.53846153845209 
17.27884615383766 12.49999999998946 
17.276627218929 13.46153846152683 
17.27440828402035 14.4230769230642 
17.27218934911169 15.38461538460157 
17.26997041420304 16.3461538461401 
17.26775147929438 17.30769230768009 
17.26553254438573 18.26923076922008 
17.26331360947707 19.23076923076006 
17.26109467456842 20.19230769230006 
17.25887573965976 21.15384615384005 
17.25665680475111 22.11538461538004 
17.25443786984245 23.07692307692002 
17.2522189349338 24.03846153846002 
18.26688856012293 0.9615384615375211 
18.26454635105193 1.923076923075048 
18.26220414198093 2.884615384612966 
18.25986193290993 3.846153846149947 
18.25751972383894 4.807692307686616 
18.25517751476794 5.769230769223282 
18.25283530569694 6.730769230759954 
18.25049309662594 7.69230769229662 
18.24815088755494 8.653846153835218 
18.24580867848394 9.615384615373349 
18.24346646941295 10.57692307691066 
18.24112426034196 11.53846153844797 
18.23878205127096 12.49999999998528 
18.23643984219997 13.46153846152259 
18.23409763312898 14.42307692305991 
18.23175542405798 15.38461538459722 
18.22941321498699 16.34615384613593 
18.227071005916 17.30769230767638 
18.224728796845 18.26923076921683 
18.222386587774 19.23076923075728 
18.22004437870302 20.19230769229774 
18.21770216963202 21.15384615383819 
18.21535996056102 22.11538461537864 
18.21301775149004 23.0769230769191 
18.21067554241903 24.03846153845955 
19.22830374750431 0.9615384615371122 
19.22583826427098 1.92307692307423 
19.22337278103764 2.884615384611758 
19.2209072978043 3.846153846148301 
19.21844181457097 4.807692307684517 
19.21597633133763 5.769230769220732 
19.21351084810429 6.730769230756947 
19.21104536487096 7.69230769229316 
19.20857988163761 8.653846153831402 
19.20611439840427 9.615384615369363 
19.20364891517094 10.57692307690662 
19.20118343193761 11.53846153844386 
19.19871794870428 12.49999999998111 
19.19625246547094 13.46153846151836 
19.19378698223761 14.42307692305561 
19.19132149900427 15.38461538459286 
19.18885601577094 16.34615384613175 
19.18639053253761 17.30769230767266 
19.18392504930428 18.26923076921357 
19.18145956607094 19.23076923075449 
19.17899408283761 20.19230769229541 
19.17652859960427 21.15384615383633 
19.17406311637094 22.11538461537725 
19.17159763313761 23.07692307691817 
19.16913214990428 24.03846153845909 
20.18971893488573 0.9615384615367027 
20.18713017749008 1.923076923073412 
20.18454142009443 2.884615384610552 
20.18195266269877 3.846153846146658 
20.17936390530312 4.807692307682419 
20.17677514790747 5.769230769218178 
20.17418639051183 6.730769230753942 
20.17159763311617 7.692307692289699 
20.16900887572051 8.65384615382759 
20.16642011832487 9.61538461536537 
20.16383136092922 10.57692307690256 
20.16124260353357 11.53846153843975 
20.15865384613793 12.49999999997694 
20.15606508874229 13.46153846151413 
20.15347633134664 14.42307692305132 
20.150887573951 15.38461538458851 
20.14829881655535 16.34615384612757 
20.1457100591597 17.30769230766895 
20.14312130176405 18.26923076921033 
20.14053254436841 19.2307692307517 
20.13794378697276 20.19230769229309 
20.13535502957711 21.15384615383448 
20.13276627218147 22.11538461537586 
20.13017751478582 23.07692307691723 
20.12758875739017 24.03846153845862 
21.15113412226766 0.9615384615362933 
21.1484220907102 1.923076923072594 
21.14571005915275 2.884615384609345 
21.14299802759531 3.846153846145013 
21.14028599603786 4.80769230768032 
21.13757396448042 5.769230769215626 
21.13486193292297 6.730769230750935 
21.13214990136551 7.692307692286239 
21.12943786980806 8.653846153823778 
21.12672583825062 9.615384615361378 
21.12401380669318 10.57692307689851 
21.12130177513573 11.53846153843564 
21.11858974357829 12.49999999997277 
21.11587771202085 13.4615384615099 
21.11316568046341 14.42307692304703 
21.11045364890597 15.38461538458415 
21.10774161734852 16.34615384612339 
21.10502958579108 17.30769230766523 
21.10231755423364 18.26923076920708 
21.09960552267619 19.23076923074892 
21.09689349111875 20.19230769229077 
21.09418145956131 21.15384615383262 
21.09146942800387 22.11538461537447 
21.08875739644643 23.07692307691631 
21.08604536488898 24.03846153845815 
22.11254930964936 0.961538461535884 
22.10971400392988 1.923076923071775 
22.10687869821042 2.884615384608138 
22.10404339249096 3.846153846143368 
22.10120808677149 4.807692307678222 
22.09837278105202 5.769230769213073 
22.09553747533256 6.730769230747928 
22.09270216961308 7.692307692282778 
22.08986686389362 8.653846153819963 
22.08703155817415 9.615384615357387 
22.08419625245469 10.57692307689446 
22.08136094673522 11.53846153843153 
22.07852564101577 12.4999999999686 
22.07569033529631 13.46153846150567 
22.07285502957684 14.42307692304274 
22.07001972385738 15.3846153845798 
22.06718441813792 16.3461538461192 
22.06434911241845 17.30769230766152 
22.06151380669899 18.26923076920383 
22.05867850097953 19.23076923074614 
22.05584319526007 20.19230769228844 
22.05300788954062 21.15384615383076 
22.05017258382114 22.11538461537307 
22.04733727810169 23.07692307691538 
22.04450197238223 24.0384615384577 
23.0739644970313 0.9615384615354747 
23.07100591715005 1.923076923070957 
23.06804733726878 2.884615384606932 
23.06508875738753 3.846153846141724 
23.06213017750628 4.807692307676124 
23.05917159762501 5.769230769210521 
23.05621301774375 6.730769230744921 
23.05325443786251 7.692307692279319 
23.05029585798125 8.653846153816151 
23.04733727809999 9.615384615353396 
23.04437869821874 10.57692307689041 
23.0414201183375 11.53846153842742 
23.03846153845625 12.49999999996443 
23.03550295857499 13.46153846150143 
23.03254437869374 14.42307692303844 
23.02958579881249 15.38461538457545 
23.02662721893125 16.34615384611502 
23.02366863904999 17.3076923076578 
23.02071005916875 18.26923076920057 
23.0177514792875 19.23076923074335 
23.01479289940625 20.19230769228613 
23.011834319525 21.1538461538289 
23.00887573964376 22.11538461537167 
23.0059171597625 23.07692307691445 
23.00295857988125 24.03846153845723 
24.03698224851565 0.9615384615350566 
24.03550295857502 1.923076923070122 
24.03402366863439 2.884615384605699 
24.03254437869377 3.846153846140044 
24.03106508875314 4.80769230767398 
24.02958579881251 5.769230769207914 
24.02810650887188 6.730769230741848 
24.02662721893126 7.692307692275783 
24.02514792899062 8.653846153812253 
24.02366863905 9.615384615349319 
24.02218934910938 10.57692307688627 
24.02071005916875 11.53846153842322 
24.01923076922812 12.49999999996016 
24.0177514792875 13.46153846149711 
24.01627218934687 14.42307692303405 
24.01479289940625 15.384615384571 
24.01331360946562 16.34615384611076 
24.011834319525 17.307692307654 
24.01035502958438 18.26923076919725 
24.00887573964375 19.2307692307405 
24.00739644970313 20.19230769228376 
24.0059171597625 21.15384615382701 
24.00443786982188 22.11538461537025 
24.00295857988124 23.07692307691349 
24.00147928994063 24.03846153845675 
0.9584566074923415 26.9615384615448 
0.9585798816544595 27.9230769230896 
0.9587031558165776 28.88461538463441 
0.9588264299786958 29.84615384617922 
0.9589497041408137 30.80769230772403 
0.9590729783029319 31.76923076926883 
0.9591962524650505 32.73076923082421 
0.9593195266271697 33.69230769238215 
0.9594428007892887 34.65384615394009 
0.9595660749514064 35.61538461548346 
0.9596893491135239 36.57692307701512 
0.9598126232756412 37.53846153854677 
0.9599358974377583 38.50000000007845 
0.9600591715998754 39.46153846161012 
0.9601824457619927 40.42307692314177 
0.9603057199241101 41.38461538467344 
0.9604289940862281 42.34615384620557 
0.9605522682483469 43.30769230773829 
0.960675542410466 44.269230769271 
0.9607988165725851 45.23076923080371 
0.960922090734704 46.19230769233642 
0.9610453648968229 47.15384615386914 
0.961168639058942 48.11538461540185 
0.9612919132210611 49.07692307693456 
0.9614151873831798 50.03846153846727 
1.916913214984471 26.96153846154415 
1.917159763308716 27.92307692308831 
1.91740631163296 28.88461538463246 
1.917652859957204 29.84615384617662 
1.917899408281449 30.80769230772077 
1.918145956605693 31.76923076926494 
1.91839250492994 32.73076923081923 
1.918639053254186 33.692307692376 
1.918885601578432 34.65384615393278 
1.919132149902676 35.61538461547554 
1.919378698226919 36.57692307700707 
1.919625246551162 37.53846153853862 
1.919871794875405 38.50000000007015 
1.920118343199648 39.46153846160171 
1.920364891523891 40.42307692313323 
1.920611439848133 41.38461538466478 
1.920857988172378 42.34615384619725 
1.921104536496624 43.30769230773088 
1.92135108482087 44.26923076926452 
1.921597633145116 45.23076923079816 
1.921844181469362 46.19230769233181 
1.922090729793609 47.15384615386543 
1.922337278117855 48.11538461539908 
1.922583826442101 49.07692307693272 
1.922830374766348 50.03846153846634 
2.875369822477685 26.9615384615435 
2.875739644964013 27.923076923087 
2.876109467450341 28.88461538463051 
2.876479289936668 29.84615384617403 
2.876849112422996 30.80769230771752 
2.877218934909324 31.76923076926103 
2.877588757395653 32.73076923081426 
2.877958579881984 33.69230769236987 
2.878328402368314 34.65384615392545 
2.878698224854642 35.61538461546763 
2.879068047340967 36.57692307699903 
2.879437869827292 37.53846153853046 
2.879807692313618 38.50000000006188 
2.880177514799942 39.46153846159329 
2.880547337286268 40.4230769231247 
2.880917159772593 41.38461538465613 
2.88128698225892 42.34615384618893 
2.88165680474525 43.30769230772349 
2.88202662723158 44.26923076925805 
2.882396449717911 45.23076923079261 
2.882766272204241 46.19230769232718 
2.883136094690572 47.15384615386174 
2.883505917176902 48.11538461539629 
2.883875739663232 49.07692307693087 
2.884245562149562 50.03846153846542 
3.833826429969425 26.96153846154285 
3.834319526617894 27.92307692308571 
3.834812623266365 28.88461538462856 
3.835305719914835 29.84615384617143 
3.835798816563304 30.80769230771428 
3.836291913211773 31.76923076925713 
3.836785009860246 32.7307692308093 
3.83727810650872 33.69230769236372 
3.837771203157192 34.65384615391813 
3.838264299805663 35.61538461545972 
3.838757396454129 36.57692307699101 
3.839250493102595 37.53846153852231 
3.839743589751061 38.50000000005358 
3.840236686399528 39.46153846158488 
3.840729783047994 40.42307692311616 
3.841222879696459 41.38461538464746 
3.841715976344928 42.34615384618062 
3.842209072993403 43.3076923077161 
3.842702169641876 44.26923076925159 
3.843195266290349 45.23076923078706 
3.843688362938822 46.19230769232257 
3.844181459587294 47.15384615385804 
3.84467455623577 48.11538461539353 
3.845167652884241 49.07692307692902 
3.845660749532715 50.0384615384645 
4.792283037461085 26.9615384615422 
4.7928994082717 27.92307692308439 
4.793515779082313 28.88461538462661 
4.794132149892929 29.84615384616883 
4.794748520703544 30.80769230771103 
4.79536489151416 31.76923076925324 
4.795981262324777 32.73076923080433 
4.796597633135398 33.69230769235757 
4.797214003946015 34.65384615391081 
4.79783037475663 35.6153846154518 
4.79844674556724 36.57692307698297 
4.799063116377852 37.53846153851413 
4.799679487188464 38.5000000000453 
4.800295857999074 39.46153846157647 
4.800912228809683 40.42307692310762 
4.801528599620294 41.3846153846388 
4.80214497043091 42.34615384617229 
4.802761341241528 43.3076923077087 
4.803377712052147 44.26923076924511 
4.803994082862768 45.2307692307815 
4.804610453673387 46.19230769231793 
4.805226824484006 47.15384615385434 
4.805843195294625 48.11538461539075 
4.806459566105243 49.07692307692717 
4.807075936915864 50.03846153846358 
5.750739644952743 26.96153846154155 
5.751479289925502 27.92307692308311 
5.752218934898263 28.88461538462467 
5.752958579871025 29.84615384616623 
5.753698224843784 30.80769230770778 
5.754437869816544 31.76923076924933 
5.75517751478931 32.73076923079936 
5.755917159762076 33.69230769235143 
5.756656804734839 34.65384615390349 
5.757396449707599 35.61538461544389 
5.758136094680353 36.57692307697494 
5.75887573965311 37.53846153850598 
5.759615384625864 38.50000000003702 
5.760355029598621 39.46153846156806 
5.761094674571375 40.42307692309908 
5.76183431954413 41.38461538463013 
5.762573964516889 42.34615384616396 
5.763313609489654 43.30769230770131 
5.764053254462421 44.26923076923864 
5.764792899435186 45.23076923077597 
5.76553254440795 46.19230769231332 
5.766272189380718 47.15384615385065 
5.767011834353482 48.11538461538798 
5.767751479326249 49.07692307692531 
5.768491124299014 50.03846153846266 
6.709196252444404 26.96153846154089 
6.71005917157931 27.92307692308181 
6.710922090714217 28.88461538462271 
6.71178500984912 29.84615384616363 
6.712647928984026 30.80769230770453 
6.713510848118933 31.76923076924544 
6.714373767253843 32.73076923079438 
6.715236686388756 33.69230769234528 
6.716099605523668 34.65384615389618 
6.71696252465857 35.61538461543599 
6.717825443793471 36.57692307696689 
6.71868836292837 37.53846153849781 
6.71955128206327 38.50000000002873 
6.720414201198171 39.46153846155965 
6.72127712033307 40.42307692309056 
6.722140039467968 41.38461538462146 
6.723002958602875 42.34615384615565 
6.723865877737788 43.30769230769392 
6.724728796872699 44.26923076923217 
6.725591716007612 45.23076923077042 
6.726454635142522 46.1923076923087 
6.727317554277434 47.15384615384696 
6.728180473412346 48.1153846153852 
6.729043392547258 49.07692307692347 
6.72990631168217 50.03846153846172 
7.667652859936062 26.96153846154025 
7.668639053233114 27.9230769230805 
7.669625246530167 28.88461538462077 
7.670611439827216 29.84615384616103 
7.671597633124268 30.80769230770128 
7.672583826421318 31.76923076924154 
7.673570019718374 32.73076923078942 
7.674556213015433 33.69230769233913 
7.675542406312491 34.65384615388886 
7.676528599609542 35.61538461542807 
7.677514792906583 36.57692307695886 
7.678500986203629 37.53846153848964 
7.679487179500673 38.50000000002044 
7.680473372797715 39.46153846155125 
7.681459566094761 40.42307692308201 
7.682445759391806 41.38461538461281 
7.683431952688855 42.34615384614734 
7.684418145985914 43.30769230768653 
7.68540433928297 44.26923076922569 
7.686390532580029 45.23076923076488 
7.687376725877085 46.19230769230408 
7.688362919174144 47.15384615384326 
7.689349112471204 48.11538461538245 
7.690335305768261 49.07692307692161 
7.69132149906532 50.0384615384608 
8.626109467427721 26.9615384615396 
8.627218934886915 27.92307692307921 
8.62832840234611 28.88461538461882 
8.629437869805308 29.84615384615843 
8.630547337264506 30.80769230769804 
8.631656804723701 31.76923076923764 
8.632766272182902 32.73076923078444 
8.633875739642107 33.692307692333 
8.634985207101312 34.65384615388154 
8.63609467456051 35.61538461542016 
8.637204142019698 36.57692307695083 
8.638313609478885 37.53846153848149 
8.639423076938073 38.50000000001216 
8.64053254439726 39.46153846154283 
8.641642011856451 40.42307692307349 
8.642751479315638 41.38461538460415 
8.643860946774833 42.34615384613901 
8.644970414234038 43.30769230767913 
8.646079881693243 44.26923076921923 
8.647189349152445 45.23076923075934 
8.648298816611652 46.19230769229946 
8.649408284070855 47.15384615383956 
8.65051775153006 48.11538461537966 
8.651627218989265 49.07692307691976 
8.652736686448467 50.03846153845988 
9.584566074919227 26.96153846153895 
9.585798816540425 27.9230769230779 
9.58703155816162 28.88461538461686 
9.588264299782814 29.84615384615583 
9.589497041404012 30.80769230769479 
9.590729783025211 31.76923076923375 
9.59196252464641 32.73076923077947 
9.593195266267617 33.69230769232685 
9.594428007888823 34.65384615387423 
9.595660749510015 35.61538461541225 
9.596893491131201 36.57692307694279 
9.598126232752389 37.53846153847334 
9.599358974373576 38.50000000000386 
9.600591715994764 39.46153846153441 
9.601824457615951 40.42307692306495 
9.603057199237139 41.38461538459548 
9.604289940858333 42.3461538461307 
9.605522682479538 43.30769230767172 
9.606755424100744 44.26923076921276 
9.607988165721949 45.2307692307538 
9.609220907343152 46.19230769229483 
9.610453648964356 47.15384615383586 
9.611686390585565 48.11538461537689 
9.612919132206764 49.07692307691793 
9.614151873827971 50.03846153845897 
10.54302268241062 26.9615384615383 
10.5443786981937 27.92307692307661 
10.54573471397678 28.88461538461491 
10.54709072975986 29.84615384615322 
10.54844674554293 30.80769230769154 
10.54980276132601 31.76923076922984 
10.5511587771091 32.7307692307745 
10.55251479289219 33.6923076923207 
10.55387080867527 34.6538461538669 
10.55522682445835 35.61538461540434 
10.55658284024142 36.57692307693475 
10.55793885602449 37.53846153846516 
10.55929487180756 38.49999999999559 
10.56065088759063 39.461538461526 
10.5620069033737 40.42307692305641 
10.56336291915676 41.38461538458682 
10.56471893493984 42.34615384612238 
10.56607495072293 43.30769230766433 
10.56743096650602 44.26923076920628 
10.5687869822891 45.23076923074824 
10.57014299807219 46.19230769229021 
10.57149901385528 47.15384615383216 
10.57285502963837 48.11538461537413 
10.57421104542146 49.07692307691607 
10.57556706120454 50.03846153845802 
11.50147928990235 26.96153846153765 
11.5029585798473 27.9230769230753 
11.50443786979224 28.88461538461296 
11.50591715973719 29.84615384615062 
11.50739644968214 30.80769230768828 
11.50887573962708 31.76923076922595 
11.51035502957204 32.73076923076954 
11.511834319517 33.69230769231455 
11.51331360946195 34.65384615385957 
11.5147928994069 35.61538461539643 
11.51627218935184 36.5769230769267 
11.51775147929678 37.53846153845701 
11.51923076924172 38.4999999999873 
11.52071005918665 39.4615384615176 
11.52218934913159 40.42307692304787 
11.52366863907653 41.38461538457818 
11.52514792902147 42.34615384611406 
11.52662721896643 43.30769230765694 
11.52810650891139 44.26923076919982 
11.52958579885635 45.23076923074269 
11.53106508880131 46.1923076922856 
11.53254437874626 47.15384615382847 
11.53402366869122 48.11538461537134 
11.53550295863618 49.07692307691423 
11.53698224858113 50.03846153845711 
12.45993589740053 26.961538461537 
12.46153846150709 27.92307692307401 
12.46314102561364 28.88461538461102 
12.4647435897202 29.84615384614803 
12.46634615382676 30.80769230768503 
12.46794871793332 31.76923076922205 
12.46955128203989 32.73076923076457 
12.47115384614646 33.69230769230841 
12.47275641025302 34.65384615385226 
12.47435897435958 35.61538461538851 
12.47596153846613 36.57692307691869 
12.47756410257268 37.53846153844885 
12.47916666667922 38.499999999979 
12.48076923078577 39.46153846150918 
12.48237179489232 40.42307692303934 
12.48397435899887 41.3846153845695 
12.48557692310542 42.34615384610574 
12.48717948721199 43.30769230764954 
12.48878205131856 44.26923076919335 
12.49038461542513 45.23076923073716 
12.4919871795317 46.19230769228096 
12.49358974363827 47.15384615382476 
12.49519230774484 48.11538461536858 
12.49679487185141 49.07692307691238 
12.49839743595798 50.03846153845617 
13.41839250489904 26.96153846153635 
13.4201183431672 27.9230769230727 
13.42184418143536 28.88461538460907 
13.42357001970351 29.84615384614543 
13.42529585797167 30.80769230768179 
13.42702169623982 31.76923076921815 
13.42874753450799 32.73076923075959 
13.43047337277616 33.69230769230226 
13.43219921104432 34.65384615384495 
13.43392504931248 35.61538461538061 
13.43565088758062 36.57692307691065 
13.43737672584877 37.53846153844068 
13.43910256411691 38.49999999997072 
13.44082840238505 39.46153846150077 
13.4425542406532 40.4230769230308 
13.44428007892134 41.38461538456084 
13.44600591718949 42.34615384609742 
13.44773175545766 43.30769230764215 
13.44945759372583 44.26923076918687 
13.451183431994 45.2307692307316 
13.45290927026217 46.19230769227636 
13.45463510853034 47.15384615382106 
13.4563609467985 48.1153846153658 
13.45808678506667 49.07692307691053 
13.45981262333484 50.03846153845527 
14.37684911239756 26.9615384615357 
14.37869822482731 27.92307692307141 
14.38054733725706 28.88461538460711 
14.38239644968682 29.84615384614283 
14.38424556211657 30.80769230767854 
14.38609467454632 31.76923076921425 
14.38794378697609 32.73076923075462 
14.38979289940586 33.69230769229613 
14.39164201183562 34.65384615383762 
14.39349112426538 35.6153846153727 
14.39534023669512 36.5769230769026 
14.39718934912485 37.53846153843252 
14.3990384615546 38.49999999996244 
14.40088757398434 39.46153846149235 
14.40273668641408 40.42307692302226 
14.40458579884381 41.38461538455216 
14.40643491127357 42.3461538460891 
14.40828402370333 43.30769230763476 
14.4101331361331 44.2692307691804 
14.41198224856287 45.23076923072605 
14.41383136099263 46.19230769227173 
14.4156804734224 47.15384615381736 
14.41752958585217 48.11538461536301 
14.41937869828193 49.07692307690868 
14.4212278107117 50.03846153845433 
15.33530571989607 26.96153846153505 
15.33727810648742 27.92307692307011 
15.33925049307878 28.88461538460516 
15.34122287967013 29.84615384614024 
15.34319526626147 30.80769230767529 
15.34516765285283 31.76923076921035 
15.34714003944419 32.73076923074964 
15.34911242603555 33.69230769228997 
15.35108481262692 34.65384615383029 
15.35305719921827 35.61538461536477 
15.35502958580961 36.57692307689456 
15.35700197240094 37.53846153842436 
15.35897435899228 38.49999999995416 
15.36094674558362 39.46153846148394 
15.36291913217495 40.42307692301372 
15.36489151876629 41.38461538454352 
15.36686390535764 42.34615384608077 
15.36883629194901 43.30769230762736 
15.37080867854037 44.26923076917394 
15.37278106513173 45.23076923072052 
15.3747534517231 46.19230769226711 
15.37672583831446 47.15384615381367 
15.37869822490583 48.11538461536025 
15.3806706114972 49.07692307690684 
15.38264299808856 50.03846153845341 
16.29376232739448 26.9615384615344 
16.2958579881473 27.92307692306881 
16.29795364890013 28.88461538460322 
16.30004930965297 29.84615384613764 
16.3021449704058 30.80769230767205 
16.30424063115863 31.76923076920644 
16.30633629191147 32.73076923074468 
16.30843195266431 33.69230769228383 
16.31052761341716 34.65384615382298 
16.31262327417 35.61538461535686 
16.31471893492281 36.57692307688653 
16.31681459567563 37.53846153841619 
16.31891025642845 38.49999999994586 
16.32100591718126 39.46153846147553 
16.32310157793408 40.42307692300519 
16.3251972386869 41.38461538453486 
16.32729289943973 42.34615384607246 
16.32938856019258 43.30769230761997 
16.33148422094542 44.26923076916746 
16.33357988169826 45.23076923071497 
16.33567554245111 46.19230769226249 
16.33777120320396 47.15384615380999 
16.33986686395681 48.11538461535748 
16.34196252470965 49.076923076905 
16.34405818546249 50.03846153845247 
17.25221893489271 26.96153846153375 
17.25443786980688 27.92307692306752 
17.25665680472105 28.88461538460127 
17.25887573963522 29.84615384613504 
17.26109467454938 30.80769230766879 
17.26331360946354 31.76923076920255 
17.26553254437773 32.73076923073971 
17.26775147929191 33.69230769227769 
17.26997041420609 34.65384615381566 
17.27218934912026 35.61538461534896 
17.27440828403441 36.57692307687849 
17.27662721894856 37.53846153840804 
17.27884615386272 38.49999999993759 
17.28106508877686 39.46153846146712 
17.28328402369102 40.42307692299665 
17.28550295860516 41.38461538452619 
17.28772189351933 42.34615384606415 
17.28994082843351 43.30769230761258 
17.2921597633477 44.269230769161 
17.29437869826188 45.23076923070943 
17.29659763317606 46.19230769225785 
17.29881656809024 47.15384615380628 
17.30103550300442 48.11538461535471 
17.30325443791861 49.07692307690314 
17.30547337283279 50.03846153845156 
18.21067554239097 26.96153846153311 
18.21301775146647 27.9230769230662 
18.21535996054197 28.88461538459931 
18.21770216961747 29.84615384613243 
18.22004437869297 30.80769230766554 
18.22238658776847 31.76923076919865 
18.22472879684399 32.73076923073474 
18.22707100591951 33.69230769227153 
18.22941321499503 34.65384615380834 
18.23175542407053 35.61538461534104 
18.23409763314601 36.57692307687046 
18.23643984222149 37.53846153839987 
18.23878205129697 38.49999999992929 
18.24112426037247 39.4615384614587 
18.24346646944795 40.42307692298811 
18.24580867852344 41.38461538451752 
18.24815088759893 42.34615384605582 
18.25049309667446 43.30769230760517 
18.25283530574998 44.26923076915453 
18.25517751482549 45.23076923070387 
18.25751972390101 46.19230769225323 
18.25986193297653 47.1538461538026 
18.26220414205205 48.11538461535192 
18.26454635112756 49.0769230769013 
18.26688856020308 50.03846153845063 
19.16913214988921 26.96153846153245 
19.17159763312604 27.92307692306491 
19.17406311636288 28.88461538459737 
19.17652859959971 29.84615384612984 
19.17899408283655 30.8076923076623 
19.18145956607339 31.76923076919475 
19.18392504931024 32.73076923072976 
19.1863905325471 33.6923076922654 
19.18885601578395 34.65384615380102 
19.19132149902079 35.61538461533313 
19.19378698225761 36.57692307686241 
19.19625246549442 37.53846153839172 
19.19871794873124 38.499999999921 
19.20118343196806 39.46153846145029 
19.20364891520489 40.42307692297958 
19.2061143984417 41.38461538450888 
19.20857988167854 42.34615384604749 
19.21104536491539 43.30769230759778 
19.21351084815225 44.26923076914805 
19.2159763313891 45.23076923069834 
19.21844181462596 46.19230769224861 
19.22090729786281 47.15384615379888 
19.22337278109967 48.11538461534917 
19.22583826433652 49.07692307689943 
19.22830374757337 50.03846153844972 
20.12758875738745 26.9615384615318 
20.13017751478561 27.92307692306361 
20.13276627218379 28.88461538459541 
20.13535502958196 29.84615384612724 
20.13794378698014 30.80769230765905 
20.14053254437831 31.76923076919085 
20.14312130177649 32.73076923072479 
20.14571005917468 33.69230769225925 
20.14829881657288 34.6538461537937 
20.15088757397105 35.61538461532523 
20.1534763313692 36.57692307685439 
20.15606508876735 37.53846153838355 
20.15865384616551 38.49999999991272 
20.16124260356366 39.46153846144188 
20.16383136096182 40.42307692297104 
20.16642011835997 41.38461538450021 
20.16900887575813 42.34615384603919 
20.17159763315633 43.30769230759039 
20.17418639055452 44.26923076914159 
20.17677514795271 45.23076923069279 
20.1793639053509 46.192307692244 
20.1819526627491 47.15384615379521 
20.18454142014728 48.11538461534639 
20.18713017754547 49.07692307689759 
20.18971893494366 50.03846153844878 
21.0860453648857 26.96153846153116 
21.0887573964452 27.92307692306231 
21.09146942800471 28.88461538459347 
21.09418145956422 29.84615384612463 
21.09689349112372 30.8076923076558 
21.09960552268323 31.76923076918695 
21.10231755424276 32.73076923071983 
21.10502958580228 33.69230769225312 
21.1077416173618 34.65384615378639 
21.11045364892131 35.61538461531732 
21.1131656804808 36.57692307684636 
21.11587771204029 37.53846153837539 
21.11858974359978 38.49999999990443 
21.12130177515926 39.46153846143347 
21.12401380671875 40.4230769229625 
21.12672583827824 41.38461538449155 
21.12943786983775 42.34615384603087 
21.13214990139727 43.30769230758299 
21.1348619329568 44.26923076913511 
21.13757396451633 45.23076923068723 
21.14028599607585 46.19230769223938 
21.14299802763538 47.15384615379149 
21.1457100591949 48.11538461534361 
21.14842209075443 49.07692307689574 
21.15113412231396 50.03846153844785 
22.04450197238394 26.96153846153051 
22.04733727810478 27.92307692306101 
22.05017258382562 28.88461538459152 
22.05300788954646 29.84615384612203 
22.05584319526731 30.80769230765255 
22.05867850098815 31.76923076918305 
22.06151380670901 32.73076923071486 
22.06434911242987 33.69230769224695 
22.06718441815073 34.65384615377907 
22.07001972387158 35.6153846153094 
22.0728550295924 36.57692307683831 
22.07569033531323 37.53846153836724 
22.07852564103404 38.49999999989614 
22.08136094675487 39.46153846142506 
22.08419625247569 40.42307692295396 
22.08703155819651 41.38461538448287 
22.08986686391735 42.34615384602254 
22.09270216963821 43.30769230757559 
22.09553747535907 44.26923076912865 
22.09837278107995 45.23076923068169 
22.1012080868008 46.19230769223474 
22.10404339252166 47.15384615378778 
22.10687869824252 48.11538461534084 
22.10971400396339 49.07692307689389 
22.11254930968425 50.03846153844694 
23.00295857988217 26.96153846152985 
23.00591715976436 27.92307692305971 
23.00887573964654 28.88461538458958 
23.01183431952871 29.84615384611944 
23.01479289941089 30.80769230764929 
23.01775147929308 31.76923076917916 
23.02071005917526 32.73076923070987 
23.02366863905746 33.69230769224082 
23.02662721893966 34.65384615377175 
23.02958579882183 35.61538461530148 
23.03254437870399 36.57692307683026 
23.03550295858615 37.53846153835907 
23.03846153846831 38.49999999988786 
23.04142011835046 39.46153846141666 
23.04437869823263 40.42307692294543 
23.04733727811478 41.38461538447424 
23.05029585799696 42.34615384601423 
23.05325443787915 43.3076923075682 
23.05621301776135 44.26923076912218 
23.05917159764356 45.23076923067615 
23.06213017752576 46.19230769223014 
23.06508875740795 47.15384615378409 
23.06804733729015 48.11538461533805 
23.07100591717234 49.07692307689204 
23.07396449705454 50.03846153844601 
24.00147928994109 26.96153846152919 
24.00295857988218 27.92307692305839 
24.00443786982326 28.88461538458758 
24.00591715976435 29.84615384611679 
24.00739644970545 30.80769230764598 
24.00887573964654 31.76923076917517 
24.01035502958763 32.73076923070481 
24.01183431952873 33.69230769223454 
24.01331360946983 34.65384615376428 
24.01479289941092 35.61538461529339 
24.01627218935199 36.57692307682206 
24.01775147929308 37.53846153835074 
24.01923076923415 38.49999999987939 
24.02071005917524 39.46153846140805 
24.02218934911631 40.42307692293671 
24.02366863905739 41.38461538446536 
24.02514792899847 42.34615384600572 
24.02662721893957 43.30769230756066 
24.02810650888068 44.26923076911556 
24.02958579882178 45.23076923067048 
24.03106508876287 46.1923076922254 
24.03254437870397 47.15384615378032 
24.03402366864508 48.11538461533524 
24.03550295858617 49.07692307689015 
24.03698224852728 50.03846153844506 
No._elements:                       1376
Max_no._nodes_on_any_one_element:   4
element_identifier; no._nodes_on_element; connectivity:
1 4 1 11 209 109 
2 4 109 209 210 108 
3 4 108 210 211 107 
4 4 107 211 212 106 
5 4 106 212 213 105 
6 4 105 213 214 104 
7 4 104 214 215 103 
8 4 103 215 216 102 
9 4 102 216 217 101 
10 4 101 217 218 100 
11 4 100 218 219 99 
12 4 99 219 220 98 
13 4 98 220 221 97 
14 4 97 221 222 96 
15 4 96 222 223 95 
16 4 95 223 224 94 
17 4 94 224 225 93 
18 4 93 225 226 92 
19 4 92 226 227 91 
20 4 91 227 228 90 
21 4 90 228 229 89 
22 4 89 229 230 88 
23 4 88 230 231 87 
24 4 87 231 232 86 
25 4 86 232 233 85 
26 4 85 233 84 10 
27 4 11 12 234 209 
28 4 209 234 235 210 
29 4 210 235 236 211 
30 4 211 236 237 212 
31 4 212 237 238 213 
32 4 213 238 239 214 
33 4 214 239 240 215 
34 4 215 240 241 216 
35 4 216 241 242 217 
36 4 217 242 243 218 
37 4 218 243 244 219 
38 4 219 244 245 220 
39 4 220 245 246 221 
40 4 221 246 247 222 
41 4 222 247 248 223 
42 4 223 248 249 224 
43 4 224 249 250 225 
44 4 225 250 251 226 
45 4 226 251 252 227 
46 4 227 252 253 228 
47 4 228 253 254 229 
48 4 229 254 255 230 
49 4 230 255 256 231 
50 4 231 256 257 232 
51 4 232 257 258 233 
52 4 233 258 83 84 
53 4 12 13 259 234 
54 4 234 259 260 235 
55 4 235 260 261 236 
56 4 236 261 262 237 
57 4 237 262 263 238 
58 4 238 263 264 239 
59 4 239 264 265 240 
60 4 240 265 266 241 
61 4 241 266 267 242 
62 4 242 267 268 243 
63 4 243 268 269 244 
64 4 244 269 270 245 
65 4 245 270 271 246 
66 4 246 271 272 247 
67 4 247 272 273 248 
68 4 248 273 274 249 
69 4 249 274 275 250 
70 4 250 275 276 251 
71 4 251 276 277 252 
72 4 252 277 278 253 
73 4 253 278 279 254 
74 4 254 279 280 255 
75 4 255 280 281 256 
76 4 256 281 282 257 
77 4 257 282 283 258 
78 4 258 283 82 83 
79 4 13 14 284 259 
80 4 259 284 285 260 
81 4 260 285 286 261 
82 4 261 286 287 262 
83 4 262 287 288 263 
84 4 263 288 289 264 
85 4 264 289 290 265 
86 4 265 290 291 266 
87 4 266 291 292 267 
88 4 267 292 293 268 
89 4 268 293 294 269 
90 4 269 294 295 270 
91 4 270 295 296 271 
92 4 271 296 297 272 
93 4 272 297 298 273 
94 4 273 298 299 274 
95 4 274 299 300 275 
96 4 275 300 301 276 
97 4 276 301 302 277 
98 4 277 302 303 278 
99 4 278 303 304 279 
100 4 279 304 305 280 
101 4 280 305 306 281 
102 4 281 306 307 282 
103 4 282 307 308 283 
104 4 283 308 81 82 
105 4 14 15 309 284 
106 4 284 309 310 285 
107 4 285 310 311 286 
108 4 286 311 312 287 
109 4 287 312 313 288 
110 4 288 313 314 289 
111 4 289 314 315 290 
112 4 290 315 316 291 
113 4 291 316 317 292 
114 4 292 317 318 293 
115 4 293 318 319 294 
116 4 294 319 320 295 
117 4 295 320 321 296 
118 4 296 321 322 297 
119 4 297 322 323 298 
120 4 298 323 324 299 
121 4 299 324 325 300 
122 4 300 325 326 301 
123 4 301 326 327 302 
124 4 302 327 328 303 
125 4 303 328 329 304 
126 4 304 329 330 305 
127 4 305 330 331 306 
128 4 306 331 332 307 
129 4 307 332 333 308 
130 4 308 333 80 81 
131 4 15 16 334 309 
132 4 309 334 335 310 
133 4 310 335 336 311 
134 4 311 336 337 312 
135 4 312 337 338 313 
136 4 313 338 339 314 
137 4 314 339 340 315 
138 4 315 340 341 316 
139 4 316 341 342 317 
140 4 317 342 343 318 
141 4 318 343 344 319 
142 4 319 344 345 320 
143 4 320 345 346 321 
144 4 321 346 347 322 
145 4 322 347 348 323 
146 4 323 348 349 324 
147 4 324 349 350 325 
148 4 325 350 351 326 
149 4 326 351 352 327 
150 4 327 352 353 328 
151 4 328 353 354 329 
152 4 329 354 355 330 
153 4 330 355 356 331 
154 4 331 356 357 332 
155 4 332 357 358 333 
156 4 333 358 79 80 
157 4 16 17 359 334 
158 4 334 359 360 335 
159 4 335 360 361 336 
160 4 336 361 362 337 
161 4 337 362 363 338 
162 4 338 363 364 339 
163 4 339 364 365 340 
164 4 340 365 366 341 
165 4 341 366 367 342 
166 4 342 367 368 343 
167 4 343 368 369 344 
168 4 344 369 370 345 
169 4 345 370 371 346 
170 4 346 371 372 347 
171 4 347 372 373 348 
172 4 348 373 374 349 
173 4 349 374 375 350 
174 4 350 375 376 351 
175 4 351 376 377 352 
176 4 352 377 378 353 
177 4 353 378 379 354 
178 4 354 379 380 355 
179 4 355 380 381 356 
180 4 356 381 382 357 
181 4 357 382 383 358 
182 4 358 383 78 79 
183 4 17 18 384 359 
184 4 359 384 385 360 
185 4 360 385 386 361 
186 4 361 386 387 362 
187 4 362 387 388 363 
188 4 363 388 389 364 
189 4 364 389 390 365 
190 4 365 390 391 366 
191 4 366 391 392 367 
192 4 367 392 393 368 
193 4 368 393 394 369 
194 4 369 394 395 370 
195 4 370 395 396 371 
196 4 371 396 397 372 
197 4 372 397 398 373 
198 4 373 398 399 374 
199 4 374 399 400 375 
200 4 375 400 401 376 
201 4 376 401 402 377 
202 4 377 402 403 378 
203 4 378 403 404 379 
204 4 379 404 405 380 
205 4 380 405 406 381 
206 4 381 406 407 382 
207 4 382 407 408 383 
208 4 383 408 77 78 
209 4 18 19 409 384 
210 4 384 409 410 385 
211 4 385 410 411 386 
212 4 386 411 412 387 
213 4 387 412 413 388 
214 4 388 413 414 389 
215 4 389 414 415 390 
216 4 390 415 416 391 
217 4 391 416 417 392 
218 4 392 417 418 393 
219 4 393 418 419 394 
220 4 394 419 420 395 
221 4 395 420 421 396 
222 4 396 421 422 397 
223 4 397 422 423 398 
224 4 398 423 424 399 
225 4 399 424 425 400 
226 4 400 425 426 401 
227 4 401 426 427 402 
228 4 402 427 428 403 
229 4 403 428 429 404 
230 4 404 429 430 405 
231 4 405 430 431 406 
232 4 406 431 432 407 
233 4 407 432 433 408 
234 4 408 433 76 77 
235 4 19 20 434 409 
236 4 409 434 435 410 
237 4 410 435 436 411 
238 4 411 436 437 412 
239 4 412 437 438 413 
240 4 413 438 439 414 
241 4 414 439 440 415 
242 4 415 440 441 416 
243 4 416 441 442 417 
244 4 417 442 443 418 
245 4 418 443 444 419 
246 4 419 444 445 420 
247 4 420 445 446 421 
248 4 421 446 447 422 
249 4 422 447 448 423 
250 4 423 448 449 424 
251 4 424 449 450 425 
252 4 425 450 451 426 
253 4 426 451 452 427 
254 4 427 452 453 428 
255 4 428 453 454 429 
256 4 429 454 455 430 
257 4 430 455 456 431 
258 4 431 456 457 432 
259 4 432 457 458 433 
260 4 433 458 75 76 
261 4 20 21 459 434 
262 4 434 459 460 435 
263 4 435 460 461 436 
264 4 436 461 462 437 
265 4 437 462 463 438 
266 4 438 463 464 439 
267 4 439 464 465 440 
268 4 440 465 466 441 
269 4 441 466 467 442 
270 4 442 467 468 443 
271 4 443 468 469 444 
272 4 444 469 470 445 
273 4 445 470 471 446 
274 4 446 471 472 447 
275 4 447 472 473 448 
276 4 448 473 474 449 
277 4 449 474 475 450 
278 4 450 475 476 451 
279 4 451 476 477 452 
280 4 452 477 478 453 
281 4 453 478 479 454 
282 4 454 479 480 455 
283 4 455 480 481 456 
284 4 456 481 482 457 
285 4 457 482 483 458 
286 4 458 483 74 75 
287 4 21 22 484 459 
288 4 459 484 485 460 
289 4 460 485 486 461 
290 4 461 486 487 462 
291 4 462 487 488 463 
292 4 463 488 489 464 
293 4 464 489 490 465 
294 4 465 490 491 466 
295 4 466 491 492 467 
296 4 467 492 493 468 
297 4 468 493 494 469 
298 4 469 494 495 470 
299 4 470 495 496 471 
300 4 471 496 497 472 
301 4 472 497 498 473 
302 4 473 498 499 474 
303 4 474 499 500 475 
304 4 475 500 501 476 
305 4 476 501 502 477 
306 4 477 502 503 478 
307 4 478 503 504 479 
308 4 479 504 505 480 
309 4 480 505 506 481 
310 4 481 506 507 482 
311 4 482 507 508 483 
312 4 483 508 73 74 
313 4 22 23 509 484 
314 4 484 509 510 485 
315 4 485 510 511 486 
316 4 486 511 512 487 
317 4 487 512 513 488 
318 4 488 513 514 489 
319 4 489 514 515 490 
320 4 490 515 516 491 
321 4 491 516 517 492 
322 4 492 517 518 493 
323 4 493 518 519 494 
324 4 494 519 520 495 
325 4 495 520 521 496 
326 4 496 521 522 497 
327 4 497 522 523 498 
328 4 498 523 524 499 
329 4 499 524 525 500 
330 4 500 525 526 501 
331 4 501 526 527 502 
332 4 502 527 528 503 
333 4 503 528 529 504 
334 4 504 529 530 505 
335 4 505 530 531 506 
336 4 506 531 532 507 
337 4 507 532 533 508 
338 4 508 533 72 73 
339 4 23 24 534 509 
340 4 509 534 535 510 
341 4 510 535 536 511 
342 4 511 536 537 512 
343 4 512 537 538 513 
344 4 513 538 539 514 
345 4 514 539 540 515 
346 4 515 540 541 516 
347 4 516 541 542 517 
348 4 517 542 543 518 
349 4 518 543 544 519 
350 4 519 544 545 520 
351 4 520 545 546 521 
352 4 521 546 547 522 
353 4 522 547 548 523 
354 4 523 548 549 524 
355 4 524 549 550 525 
356 4 525 550 551 526 
357 4 526 551 552 527 
358 4 527 552 553 528 
359 4 528 553 554 529 
360 4 529 554 555 530 
361 4 530 555 556 531 
362 4 531 556 557 532 
363 4 532 557 558 533 
364 4 533 558 71 72 
365 4 24 25 559 534 
366 4 534 559 560 535 
367 4 535 560 561 536 
368 4 536 561 562 537 
369 4 537 562 563 538 
370 4 538 563 564 539 
371 4 539 564 565 540 
372 4 540 565 566 541 
373 4 541 566 567 542 
374 4 542 567 568 543 
375 4 543 568 569 544 
376 4 544 569 570 545 
377 4 545 570 571 546 
378 4 546 571 572 547 
379 4 547 572 573 548 
380 4 548 573 574 549 
381 4 549 574 575 550 
382 4 550 575 576 551 
383 4 551 576 577 552 
384 4 552 577 578 553 
385 4 553 578 579 554 
386 4 554 579 580 555 
387 4 555 580 581 556 
388 4 556 581 582 557 
389 4 557 582 583 558 
390 4 558 583 70 71 
391 4 25 26 584 559 
392 4 559 584 585 560 
393 4 560 585 586 561 
394 4 561 586 587 562 
395 4 562 587 588 563 
396 4 563 588 589 564 
397 4 564 589 590 565 
398 4 565 590 591 566 
399 4 566 591 592 567 
400 4 567 592 593 568 
401 4 568 593 594 569 
402 4 569 594 595 570 
403 4 570 595 596 571 
404 4 571 596 597 572 
405 4 572 597 598 573 
406 4 573 598 599 574 
407 4 574 599 600 575 
408 4 575 600 601 576 
409 4 576 601 602 577 
410 4 577 602 603 578 
411 4 578 603 604 579 
412 4 579 604 605 580 
413 4 580 605 606 581 
414 4 581 606 607 582 
415 4 582 607 608 583 
416 4 583 608 69 70 
417 4 26 27 609 584 
418 4 584 609 610 585 
419 4 585 610 611 586 
420 4 586 611 612 587 
421 4 587 612 613 588 
422 4 588 613 614 589 
423 4 589 614 615 590 
424 4 590 615 616 591 
425 4 591 616 617 592 
426 4 592 617 618 593 
427 4 593 618 619 594 
428 4 594 619 620 595 
429 4 595 620 621 596 
430 4 596 621 622 597 
431 4 597 622 623 598 
432 4 598 623 624 599 
433 4 599 624 625 600 
434 4 600 625 626 601 
435 4 601 626 627 602 
436 4 602 627 628 603 
437 4 603 628 629 604 
438 4 604 629 630 605 
439 4 605 630 631 606 
440 4 606 631 632 607 
441 4 607 632 633 608 
442 4 608 633 68 69 
443 4 27 28 634 609 
444 4 609 634 635 610 
445 4 610 635 636 611 
446 4 611 636 637 612 
447 4 612 637 638 613 
448 4 613 638 639 614 
449 4 614 639 640 615 
450 4 615 640 641 616 
451 4 616 641 642 617 
452 4 617 642 643 618 
453 4 618 643 644 619 
454 4 619 644 645 620 
455 4 620 645 646 621 
456 4 621 646 647 622 
457 4 622 647 648 623 
458 4 623 648 649 624 
459 4 624 649 650 625 
460 4 625 650 651 626 
461 4 626 651 652 627 
462 4 627 652 653 628 
463 4 628 653 654 629 
464 4 629 654 655 630 
465 4 630 655 656 631 
466 4 631 656 657 632 
467 4 632 657 658 633 
468 4 633 658 67 68 
469 4 28 29 659 634 
470 4 634 659 660 635 
471 4 635 660 661 636 
472 4 636 661 662 637 
473 4 637 662 663 638 
474 4 638 663 664 639 
475 4 639 664 665 640 
476 4 640 665 666 641 
477 4 641 666 667 642 
478 4 642 667 668 643 
479 4 643 668 669 644 
480 4 644 669 670 645 
481 4 645 670 671 646 
482 4 646 671 672 647 
483 4 647 672 673 648 
484 4 648 673 674 649 
485 4 649 674 675 650 
486 4 650 675 676 651 
487 4 651 676 677 652 
488 4 652 677 678 653 
489 4 653 678 679 654 
490 4 654 679 680 655 
491 4 655 680 681 656 
492 4 656 681 682 657 
493 4 657 682 683 658 
494 4 658 683 66 67 
495 4 29 30 684 659 
496 4 659 684 685 660 
497 4 660 685 686 661 
498 4 661 686 687 662 
499 4 662 687 688 663 
500 4 663 688 689 664 
501 4 664 689 690 665 
502 4 665 690 691 666 
503 4 666 691 692 667 
504 4 667 692 693 668 
505 4 668 693 694 669 
506 4 669 694 695 670 
507 4 670 695 696 671 
508 4 671 696 697 672 
509 4 672 697 698 673 
510 4 673 698 699 674 
511 4 674 699 700 675 
512 4 675 700 701 676 
513 4 676 701 702 677 
514 4 677 702 703 678 
515 4 678 703 704 679 
516 4 679 704 705 680 
517 4 680 705 706 681 
518 4 681 706 707 682 
519 4 682 707 708 683 
520 4 683 708 65 66 
521 4 30 31 709 684 
522 4 684 709 710 685 
523 4 685 710 711 686 
524 4 686 711 712 687 
525 4 687 712 713 688 
526 4 688 713 714 689 
527 4 689 714 715 690 
528 4 690 715 716 691 
529 4 691 716 717 692 
530 4 692 717 718 693 
531 4 693 718 719 694 
532 4 694 719 720 695 
533 4 695 720 721 696 
534 4 696 721 722 697 
535 4 697 722 723 698 
536 4 698 723 724 699 
537 4 699 724 725 700 
538 4 700 725 726 701 
539 4 701 726 727 702 
540 4 702 727 728 703 
541 4 703 728 729 704 
542 4 704 729 730 705 
543 4 705 730 731 706 
544 4 706 731 732 707 
545 4 707 732 733 708 
546 4 708 733 64 65 
547 4 31 32 734 709 
548 4 709 734 735 710 
549 4 710 735 736 711 
550 4 711 736 737 712 
551 4 712 737 738 713 
552 4 713 738 739 714 
553 4 714 739 740 715 
554 4 715 740 741 716 
555 4 716 741 742 717 
556 4 717 742 743 718 
557 4 718 743 744 719 
558 4 719 744 745 720 
559 4 720 745 746 721 
560 4 721 746 747 722 
561 4 722 747 748 723 
562 4 723 748 749 724 
563 4 724 749 750 725 
564 4 725 750 751 726 
565 4 726 751 752 727 
566 4 727 752 753 728 
567 4 728 753 754 729 
568 4 729 754 755 730 
569 4 730 755 756 731 
570 4 731 756 757 732 
571 4 732 757 758 733 
572 4 733 758 63 64 
573 4 32 33 759 734 
574 4 734 759 760 735 
575 4 735 760 761 736 
576 4 736 761 762 737 
577 4 737 762 763 738 
578 4 738 763 764 739 
579 4 739 764 765 740 
580 4 740 765 766 741 
581 4 741 766 767 742 
582 4 742 767 768 743 
583 4 743 768 769 744 
584 4 744 769 770 745 
585 4 745 770 771 746 
586 4 746 771 772 747 
587 4 747 772 773 748 
588 4 748 773 774 749 
589 4 749 774 775 750 
590 4 750 775 776 751 
591 4 751 776 777 752 
592 4 752 777 778 753 
593 4 753 778 779 754 
594 4 754 779 780 755 
595 4 755 780 781 756 
596 4 756 781 782 757 
597 4 757 782 783 758 
598 4 758 783 62 63 
599 4 33 34 784 759 
600 4 759 784 785 760 
601 4 760 785 786 761 
602 4 761 786 787 762 
603 4 762 787 788 763 
604 4 763 788 789 764 
605 4 764 789 790 765 
606 4 765 790 791 766 
607 4 766 791 792 767 
608 4 767 792 793 768 
609 4 768 793 794 769 
610 4 769 794 795 770 
611 4 770 795 796 771 
612 4 771 796 797 772 
613 4 772 797 798 773 
614 4 773 798 799 774 
615 4 774 799 800 775 
616 4 775 800 801 776 
617 4 776 801 802 777 
618 4 777 802 803 778 
619 4 778 803 804 779 
620 4 779 804 805 780 
621 4 780 805 806 781 
622 4 781 806 807 782 
623 4 782 807 808 783 
624 4 783 808 4 62 
625 4 34 35 809 784 
626 4 784 809 810 785 
627 4 785 810 811 786 
628 4 786 811 812 787 
629 4 787 812 813 788 
630 4 788 813 814 789 
631 4 789 814 815 790 
632 4 790 815 816 791 
633 4 791 816 817 792 
634 4 792 817 818 793 
635 4 793 818 819 794 
636 4 794 819 820 795 
637 4 795 820 821 796 
638 4 796 821 822 797 
639 4 797 822 823 798 
640 4 798 823 824 799 
641 4 799 824 825 800 
642 4 800 825 826 801 
643 4 801 826 827 802 
644 4 802 827 828 803 
645 4 803 828 829 804 
646 4 804 829 830 805 
647 4 805 830 831 806 
648 4 806 831 832 807 
649 4 807 832 833 808 
650 4 808 833 61 4 
651 4 35 2 36 809 
652 4 809 36 37 810 
653 4 810 37 38 811 
654 4 811 38 39 812 
655 4 812 39 40 813 
656 4 813 40 41 814 
657 4 814 41 42 815 
658 4 815 42 43 816 
659 4 816 43 44 817 
660 4 817 44 45 818 
661 4 818 45 46 819 
662 4 819 46 47 820 
663 4 820 47 48 821 
664 4 821 48 49 822 
665 4 822 49 50 823 
666 4 823 50 51 824 
667 4 824 51 52 825 
668 4 825 52 53 826 
669 4 826 53 54 827 
670 4 827 54 55 828 
671 4 828 55 56 829 
672 4 829 56 57 830 
673 4 830 57 58 831 
674 4 831 58 59 832 
675 4 832 59 60 833 
676 4 833 60 3 61 
677 4 10 84 110 9 
678 4 84 83 111 110 
679 4 83 82 112 111 
680 4 82 81 113 112 
681 4 81 80 114 113 
682 4 80 79 115 114 
683 4 79 78 116 115 
684 4 78 77 117 116 
685 4 77 76 118 117 
686 4 76 75 119 118 
687 4 75 74 120 119 
688 4 74 73 121 120 
689 4 73 72 122 121 
690 4 72 71 123 122 
691 4 71 70 124 123 
692 4 70 69 125 124 
693 4 69 68 126 125 
694 4 68 67 127 126 
695 4 67 66 128 127 
696 4 66 65 129 128 
697 4 65 64 130 129 
698 4 64 63 131 130 
699 4 63 62 132 131 
700 4 62 4 5 132 
701 4 9 110 834 208 
702 4 208 834 835 207 
703 4 207 835 836 206 
704 4 206 836 837 205 
705 4 205 837 838 204 
706 4 204 838 839 203 
707 4 203 839 840 202 
708 4 202 840 841 201 
709 4 201 841 842 200 
710 4 200 842 843 199 
711 4 199 843 844 198 
712 4 198 844 845 197 
713 4 197 845 846 196 
714 4 196 846 847 195 
715 4 195 847 848 194 
716 4 194 848 849 193 
717 4 193 849 850 192 
718 4 192 850 851 191 
719 4 191 851 852 190 
720 4 190 852 853 189 
721 4 189 853 854 188 
722 4 188 854 855 187 
723 4 187 855 856 186 
724 4 186 856 857 185 
725 4 185 857 858 184 
726 4 184 858 183 8 
727 4 110 111 859 834 
728 4 834 859 860 835 
729 4 835 860 861 836 
730 4 836 861 862 837 
731 4 837 862 863 838 
732 4 838 863 864 839 
733 4 839 864 865 840 
734 4 840 865 866 841 
735 4 841 866 867 842 
736 4 842 867 868 843 
737 4 843 868 869 844 
738 4 844 869 870 845 
739 4 845 870 871 846 
740 4 846 871 872 847 
741 4 847 872 873 848 
742 4 848 873 874 849 
743 4 849 874 875 850 
744 4 850 875 876 851 
745 4 851 876 877 852 
746 4 852 877 878 853 
747 4 853 878 879 854 
748 4 854 879 880 855 
749 4 855 880 881 856 
750 4 856 881 882 857 
751 4 857 882 883 858 
752 4 858 883 182 183 
753 4 111 112 884 859 
754 4 859 884 885 860 
755 4 860 885 886 861 
756 4 861 886 887 862 
757 4 862 887 888 863 
758 4 863 888 889 864 
759 4 864 889 890 865 
760 4 865 890 891 866 
761 4 866 891 892 867 
762 4 867 892 893 868 
763 4 868 893 894 869 
764 4 869 894 895 870 
765 4 870 895 896 871 
766 4 871 896 897 872 
767 4 872 897 898 873 
768 4 873 898 899 874 
769 4 874 899 900 875 
770 4 875 900 901 876 
771 4 876 901 902 877 
772 4 877 902 903 878 
773 4 878 903 904 879 
774 4 879 904 905 880 
775 4 880 905 906 881 
776 4 881 906 907 882 
777 4 882 907 908 883 
778 4 883 908 181 182 
779 4 112 113 909 884 
780 4 884 909 910 885 
781 4 885 910 911 886 
782 4 886 911 912 887 
783 4 887 912 913 888 
784 4 888 913 914 889 
785 4 889 914 915 890 
786 4 890 915 916 891 
787 4 891 916 917 892 
788 4 892 917 918 893 
789 4 893 918 919 894 
790 4 894 919 920 895 
791 4 895 920 921 896 
792 4 896 921 922 897 
793 4 897 922 923 898 
794 4 898 923 924 899 
795 4 899 924 925 900 
796 4 900 925 926 901 
797 4 901 926 927 902 
798 4 902 927 928 903 
799 4 903 928 929 904 
800 4 904 929 930 905 
801 4 905 930 931 906 
802 4 906 931 932 907 
803 4 907 932 933 908 
804 4 908 933 180 181 
805 4 113 114 934 909 
806 4 909 934 935 910 
807 4 910 935 936 911 
808 4 911 936 937 912 
809 4 912 937 938 913 
810 4 913 938 939 914 
811 4 914 939 940 915 
812 4 915 940 941 916 
813 4 916 941 942 917 
814 4 917 942 943 918 
815 4 918 943 944 919 
816 4 919 944 945 920 
817 4 920 945 946 921 
818 4 921 946 947 922 
819 4 922 947 948 923 
820 4 923 948 949 924 
821 4 924 949 950 925 
822 4 925 950 951 926 
823 4 926 951 952 927 
824 4 927 952 953 928 
825 4 928 953 954 929 
826 4 929 954 955 930 
827 4 930 955 956 931 
828 4 931 956 957 932 
829 4 932 957 958 933 
830 4 933 958 179 180 
831 4 114 115 959 934 
832 4 934 959 960 935 
833 4 935 960 961 936 
834 4 936 961 962 937 
835 4 937 962 963 938 
836 4 938 963 964 939 
837 4 939 964 965 940 
838 4 940 965 966 941 
839 4 941 966 967 942 
840 4 942 967 968 943 
841 4 943 968 969 944 
842 4 944 969 970 945 
843 4 945 970 971 946 
844 4 946 971 972 947 
845 4 947 972 973 948 
846 4 948 973 974 949 
847 4 949 974 975 950 
848 4 950 975 976 951 
849 4 951 976 977 952 
850 4 952 977 978 953 
851 4 953 978 979 954 
852 4 954 979 980 955 
853 4 955 980 981 956 
854 4 956 981 982 957 
855 4 957 982 983 958 
856 4 958 983 178 179 
857 4 115 116 984 959 
858 4 959 984 985 960 
859 4 960 985 986 961 
860 4 961 986 987 962 
861 4 962 987 988 963 
862 4 963 988 989 964 
863 4 964 989 990 965 
864 4 965 990 991 966 
865 4 966 991 992 967 
866 4 967 992 993 968 
867 4 968 993 994 969 
868 4 969 994 995 970 
869 4 970 995 996 971 
870 4 971 996 997 972 
871 4 972 997 998 973 
872 4 973 998 999 974 
873 4 974 999 1000 975 
874 4 975 1000 1001 976 
875 4 976 1001 1002 977 
876 4 977 1002 1003 978 
877 4 978 1003 1004 979 
878 4 979 1004 1005 980 
879 4 980 1005 1006 981 
880 4 981 1006 1007 982 
881 4 982 1007 1008 983 
882 4 983 1008 177 178 
883 4 116 117 1009 984 
884 4 984 1009 1010 985 
885 4 985 1010 1011 986 
886 4 986 1011 1012 987 
887 4 987 1012 1013 988 
888 4 988 1013 1014 989 
889 4 989 1014 1015 990 
890 4 990 1015 1016 991 
891 4 991 1016 1017 992 
892 4 992 1017 1018 993 
893 4 993 1018 1019 994 
894 4 994 1019 1020 995 
895 4 995 1020 1021 996 
896 4 996 1021 1022 997 
897 4 997 1022 1023 998 
898 4 998 1023 1024 999 
899 4 999 1024 1025 1000 
900 4 1000 1025 1026 1001 
901 4 1001 1026 1027 1002 
902 4 1002 1027 1028 1003 
903 4 1003 1028 1029 1004 
904 4 1004 1029 1030 1005 
905 4 1005 1030 1031 1006 
906 4 1006 1031 1032 1007 
907 4 1007 1032 1033 1008 
908 4 1008 1033 176 177 
909 4 117 118 1034 1009 
910 4 1009 1034 1035 1010 
911 4 1010 1035 1036 1011 
912 4 1011 1036 1037 1012 
913 4 1012 1037 1038 1013 
914 4 1013 1038 1039 1014 
915 4 1014 1039 1040 1015 
916 4 1015 1040 1041 1016 
917 4 1016 1041 1042 1017 
918 4 1017 1042 1043 1018 
919 4 1018 1043 1044 1019 
920 4 1019 1044 1045 1020 
921 4 1020 1045 1046 1021 
922 4 1021 1046 1047 1022 
923 4 1022 1047 1048 1023 
924 4 1023 1048 1049 1024 
925 4 1024 1049 1050 1025 
926 4 1025 1050 1051 1026 
927 4 1026 1051 1052 1027 
928 4 1027 1052 1053 1028 
929 4 1028 1053 1054 1029 
930 4 1029 1054 1055 1030 
931 4 1030 1055 1056 1031 
932 4 1031 1056 1057 1032 
933 4 1032 1057 1058 1033 
934 4 1033 1058 175 176 
935 4 118 119 1059 1034 
936 4 1034 1059 1060 1035 
937 4 1035 1060 1061 1036 
938 4 1036 1061 1062 1037 
939 4 1037 1062 1063 1038 
940 4 1038 1063 1064 1039 
941 4 1039 1064 1065 1040 
942 4 1040 1065 1066 1041 
943 4 1041 1066 1067 1042 
944 4 1042 1067 1068 1043 
945 4 1043 1068 1069 1044 
946 4 1044 1069 1070 1045 
947 4 1045 1070 1071 1046 
948 4 1046 1071 1072 1047 
949 4 1047 1072 1073 1048 
950 4 1048 1073 1074 1049 
951 4 1049 1074 1075 1050 
952 4 1050 1075 1076 1051 
953 4 1051 1076 1077 1052 
954 4 1052 1077 1078 1053 
955 4 1053 1078 1079 1054 
956 4 1054 1079 1080 1055 
957 4 1055 1080 1081 1056 
958 4 1056 1081 1082 1057 
959 4 1057 1082 1083 1058 
960 4 1058 1083 174 175 
961 4 119 120 1084 1059 
962 4 1059 1084 1085 1060 
963 4 1060 1085 1086 1061 
964 4 1061 1086 1087 1062 
965 4 1062 1087 1088 1063 
966 4 1063 1088 1089 1064 
967 4 1064 1089 1090 1065 
968 4 1065 1090 1091 1066 
969 4 1066 1091 1092 1067 
970 4 1067 1092 1093 1068 
971 4 1068 1093 1094 1069 
972 4 1069 1094 1095 1070 
973 4 1070 1095 1096 1071 
974 4 1071 1096 1097 1072 
975 4 1072 1097 1098 1073 
976 4 1073 1098 1099 1074 
977 4 1074 1099 1100 1075 
978 4 1075 1100 1101 1076 
979 4 1076 1101 1102 1077 
980 4 1077 1102 1103 1078 
981 4 1078 1103 1104 1079 
982 4 1079 1104 1105 1080 
983 4 1080 1105 1106 1081 
984 4 1081 1106 1107 1082 
985 4 1082 1107 1108 1083 
986 4 1083 1108 173 174 
987 4 120 121 1109 1084 
988 4 1084 1109 1110 1085 
989 4 1085 1110 1111 1086 
990 4 1086 1111 1112 1087 
991 4 1087 1112 1113 1088 
992 4 1088 1113 1114 1089 
993 4 1089 1114 1115 1090 
994 4 1090 1115 1116 1091 
995 4 1091 1116 1117 1092 
996 4 1092 1117 1118 1093 
997 4 1093 1118 1119 1094 
998 4 1094 1119 1120 1095 
999 4 1095 1120 1121 1096 
1000 4 1096 1121 1122 1097 
1001 4 1097 1122 1123 1098 
1002 4 1098 1123 1124 1099 
1003 4 1099 1124 1125 1100 
1004 4 1100 1125 1126 1101 
1005 4 1101 1126 1127 1102 
1006 4 1102 1127 1128 1103 
1007 4 1103 1128 1129 1104 
1008 4 1104 1129 1130 1105 
1009 4 1105 1130 1131 1106 
1010 4 1106 1131 1132 1107 
1011 4 1107 1132 1133 1108 
1012 4 1108 1133 172 173 
1013 4 121 122 1134 1109 
1014 4 1109 1134 1135 1110 
1015 4 1110 1135 1136 1111 
1016 4 1111 1136 1137 1112 
1017 4 1112 1137 1138 1113 
1018 4 1113 1138 1139 1114 
1019 4 1114 1139 1140 1115 
1020 4 1115 1140 1141 1116 
1021 4 1116 1141 1142 1117 
1022 4 1117 1142 1143 1118 
1023 4 1118 1143 1144 1119 
1024 4 1119 1144 1145 1120 
1025 4 1120 1145 1146 1121 
1026 4 1121 1146 1147 1122 
1027 4 1122 1147 1148 1123 
1028 4 1123 1148 1149 1124 
1029 4 1124 1149 1150 1125 
1030 4 1125 1150 1151 1126 
1031 4 1126 1151 1152 1127 
1032 4 1127 1152 1153 1128 
1033 4 1128 1153 1154 1129 
1034 4 1129 1154 1155 1130 
1035 4 1130 1155 1156 1131 
1036 4 1131 1156 1157 1132 
1037 4 1132 1157 1158 1133 
1038 4 1133 1158 171 172 
1039 4 122 123 1159 1134 
1040 4 1134 1159 1160 1135 
1041 4 1135 1160 1161 1136 
1042 4 1136 1161 1162 1137 
1043 4 1137 1162 1163 1138 
1044 4 1138 1163 1164 1139 
1045 4 1139 1164 1165 1140 
1046 4 1140 1165 1166 1141 
1047 4 1141 1166 1167 1142 
1048 4 1142 1167 1168 1143 
1049 4 1143 1168 1169 1144 
1050 4 1144 1169 1170 1145 
1051 4 1145 1170 1171 1146 
1052 4 1146 1171 1172 1147 
1053 4 1147 1172 1173 1148 
1054 4 1148 1173 1174 1149 
1055 4 1149 1174 1175 1150 
1056 4 1150 1175 1176 1151 
1057 4 1151 1176 1177 1152 
1058 4 1152 1177 1178 1153 
1059 4 1153 1178 1179 1154 
1060 4 1154 1179 1180 1155 
1061 4 1155 1180 1181 1156 
1062 4 1156 1181 1182 1157 
1063 4 1157 1182 1183 1158 
1064 4 1158 1183 170 171 
1065 4 123 124 1184 1159 
1066 4 1159 1184 1185 1160 
1067 4 1160 1185 1186 1161 
1068 4 1161 1186 1187 1162 
1069 4 1162 1187 1188 1163 
1070 4 1163 1188 1189 1164 
1071 4 1164 1189 1190 1165 
1072 4 1165 1190 1191 1166 
1073 4 1166 1191 1192 1167 
1074 4 1167 1192 1193 1168 
1075 4 1168 1193 1194 1169 
1076 4 1169 1194 1195 1170 
1077 4 1170 1195 1196 1171 
1078 4 1171 1196 1197 1172 
1079 4 1172 1197 1198 1173 
1080 4 1173 1198 1199 1174 
1081 4 1174 1199 1200 1175 
1082 4 1175 1200 1201 1176 
1083 4 1176 1201 1202 1177 
1084 4 1177 1202 1203 1178 
1085 4 1178 1203 1204 1179 
1086 4 1179 1204 1205 1180 
1087 4 1180 1205 1206 1181 
1088 4 1181 1206 1207 1182 
1089 4 1182 1207 1208 1183 
1090 4 1183 1208 169 170 
1091 4 124 125 1209 1184 
1092 4 1184 1209 1210 1185 
1093 4 1185 1210 1211 1186 
1094 4 1186 1211 1212 1187 
1095 4 1187 1212 1213 1188 
1096 4 1188 1213 1214 1189 
1097 4 1189 1214 1215 1190 
1098 4 1190 1215 1216 1191 
1099 4 1191 1216 1217 1192 
1100 4 1192 1217 1218 1193 
1101 4 1193 1218 1219 1194 
1102 4 1194 1219 1220 1195 
1103 4 1195 1220 1221 1196 
1104 4 1196 1221 1222 1197 
1105 4 1197 1222 1223 1198 
1106 4 1198 1223 1224 1199 
1107 4 1199 1224 1225 1200 
1108 4 1200 1225 1226 1201 
1109 4 1201 1226 1227 1202 
1110 4 1202 1227 1228 1203 
1111 4 1203 1228 1229 1204 
1112 4 1204 1229 1230 1205 
1113 4 1205 1230 1231 1206 
1114 4 1206 1231 1232 1207 
1115 4 1207 1232 1233 1208 
1116 4 1208 1233 168 169 
1117 4 125 126 1234 1209 
1118 4 1209 1234 1235 1210 
1119 4 1210 1235 1236 1211 
1120 4 1211 1236 1237 1212 
1121 4 1212 1237 1238 1213 
1122 4 1213 1238 1239 1214 
1123 4 1214 1239 1240 1215 
1124 4 1215 1240 1241 1216 
1125 4 1216 1241 1242 1217 
1126 4 1217 1242 1243 1218 
1127 4 1218 1243 1244 1219 
1128 4 1219 1244 1245 1220 
1129 4 1220 1245 1246 1221 
1130 4 1221 1246 1247 1222 
1131 4 1222 1247 1248 1223 
1132 4 1223 1248 1249 1224 
1133 4 1224 1249 1250 1225 
1134 4 1225 1250 1251 1226 
1135 4 1226 1251 1252 1227 
1136 4 1227 1252 1253 1228 
1137 4 1228 1253 1254 1229 
1138 4 1229 1254 1255 1230 
1139 4 1230 1255 1256 1231 
1140 4 1231 1256 1257 1232 
1141 4 1232 1257 1258 1233 
1142 4 1233 1258 167 168 
1143 4 126 127 1259 1234 
1144 4 1234 1259 1260 1235 
1145 4 1235 1260 1261 1236 
1146 4 1236 1261 1262 1237 
1147 4 1237 1262 1263 1238 
1148 4 1238 1263 1264 1239 
1149 4 1239 1264 1265 1240 
1150 4 1240 1265 1266 1241 
1151 4 1241 1266 1267 1242 
1152 4 1242 1267 1268 1243 
1153 4 1243 1268 1269 1244 
1154 4 1244 1269 1270 1245 
1155 4 1245 1270 1271 1246 
1156 4 1246 1271 1272 1247 
1157 4 1247 1272 1273 1248 
1158 4 1248 1273 1274 1249 
1159 4 1249 1274 1275 1250 
1160 4 1250 1275 1276 1251 
1161 4 1251 1276 1277 1252 
1162 4 1252 1277 1278 1253 
1163 4 1253 1278 1279 1254 
1164 4 1254 1279 1280 1255 
1165 4 1255 1280 1281 1256 
1166 4 1256 1281 1282 1257 
1167 4 1257 1282 1283 1258 
1168 4 1258 1283 166 167 
1169 4 127 128 1284 1259 
1170 4 1259 1284 1285 1260 
1171 4 1260 1285 1286 1261 
1172 4 1261 1286 1287 1262 
1173 4 1262 1287 1288 1263 
1174 4 1263 1288 1289 1264 
1175 4 1264 1289 1290 1265 
1176 4 1265 1290 1291 1266 
1177 4 1266 1291 1292 1267 
1178 4 1267 1292 1293 1268 
1179 4 1268 1293 1294 1269 
1180 4 1269 1294 1295 1270 
1181 4 1270 1295 1296 1271 
1182 4 1271 1296 1297 1272 
1183 4 1272 1297 1298 1273 
1184 4 1273 1298 1299 1274 
1185 4 1274 1299 1300 1275 
1186 4 1275 1300 1301 1276 
1187 4 1276 1301 1302 1277 
1188 4 1277 1302 1303 1278 
1189 4 1278 1303 1304 1279 
1190 4 1279 1304 1305 1280 
1191 4 1280 1305 1306 1281 
1192 4 1281 1306 1307 1282 
1193 4 1282 1307 1308 1283 
1194 4 1283 1308 165 166 
1195 4 128 129 1309 1284 
1196 4 1284 1309 1310 1285 
1197 4 1285 1310 1311 1286 
1198 4 1286 1311 1312 1287 
1199 4 1287 1312 1313 1288 
1200 4 1288 1313 1314 1289 
1201 4 1289 1314 1315 1290 
1202 4 1290 1315 1316 1291 
1203 4 1291 1316 1317 1292 
1204 4 1292 1317 1318 1293 
1205 4 1293 1318 1319 1294 
1206 4 1294 1319 1320 1295 
1207 4 1295 1320 1321 1296 
1208 4 1296 1321 1322 1297 
1209 4 1297 1322 1323 1298 
1210 4 1298 1323 1324 1299 
1211 4 1299 1324 1325 1300 
1212 4 1300 1325 1326 1301 
1213 4 1301 1326 1327 1302 
1214 4 1302 1327 1328 1303 
1215 4 1303 1328 1329 1304 
1216 4 1304 1329 1330 1305 
1217 4 1305 1330 1331 1306 
1218 4 1306 1331 1332 1307 
1219 4 1307 1332 1333 1308 
1220 4 1308 1333 164 165 
1221 4 129 130 1334 1309 
1222 4 1309 1334 1335 1310 
1223 4 1310 1335 1336 1311 
1224 4 1311 1336 1337 1312 
1225 4 1312 1337 1338 1313 
1226 4 1313 1338 1339 1314 
1227 4 1314 1339 1340 1315 
1228 4 1315 1340 1341 1316 
1229 4 1316 1341 1342 1317 
1230 4 1317 1342 1343 1318 
1231 4 1318 1343 1344 1319 
1232 4 1319 1344 1345 1320 
1233 4 1320 1345 1346 1321 
1234 4 1321 1346 1347 1322 
1235 4 1322 1347 1348 1323 
1236 4 1323 1348 1349 1324 
1237 4 1324 1349 1350 1325 
1238 4 1325 1350 1351 1326 
1239 4 1326 1351 1352 1327 
1240 4 1327 1352 1353 1328 
1241 4 1328 1353 1354 1329 
1242 4 1329 1354 1355 1330 
1243 4 1330 1355 1356 1331 
1244 4 1331 1356 1357 1332 
1245 4 1332 1357 1358 1333 
1246 4 1333 1358 163 164 
1247 4 130 131 1359 1334 
1248 4 1334 1359 1360 1335 
1249 4 1335 1360 1361 1336 
1250 4 1336 1361 1362 1337 
1251 4 1337 1362 1363 1338 
1252 4 1338 1363 1364 1339 
1253 4 1339 1364 1365 1340 
1254 4 1340 1365 1366 1341 
1255 4 1341 1366 1367 1342 
1256 4 1342 1367 1368 1343 
1257 4 1343 1368 1369 1344 
1258 4 1344 1369 1370 1345 
1259 4 1345 1370 1371 1346 
1260 4 1346 1371 1372 1347 
1261 4 1347 1372 1373 1348 
1262 4 1348 1373 1374 1349 
1263 4 1349 1374 1375 1350 
1264 4 1350 1375 1376 1351 
1265 4 1351 1376 1377 1352 
1266 4 1352 1377 1378 1353 
1267 4 1353 1378 1379 1354 
1268 4 1354 1379 1380 1355 
1269 4 1355 1380 1381 1356 
1270 4 1356 1381 1382 1357 
1271 4 1357 1382 1383 1358 
1272 4 1358 1383 162 163 
1273 4 131 132 1384 1359 
1274 4 1359 1384 1385 1360 
1275 4 1360 1385 1386 1361 
1276 4 1361 1386 1387 1362 
1277 4 1362 1387 1388 1363 
1278 4 1363 1388 1389 1364 
1279 4 1364 1389 1390 1365 
1280 4 1365 1390 1391 1366 
1281 4 1366 1391 1392 1367 
1282 4 1367 1392 1393 1368 
1283 4 1368 1393 1394 1369 
1284 4 1369 1394 1395 1370 
1285 4 1370 1395 1396 1371 
1286 4 1371 1396 1397 1372 
1287 4 1372 1397 1398 1373 
1288 4 1373 1398 1399 1374 
1289 4 1374 1399 1400 1375 
1290 4 1375 1400 1401 1376 
1291 4 1376 1401 1402 1377 
1292 4 1377 1402 1403 1378 
1293 4 1378 1403 1404 1379 
1294 4 1379 1404 1405 1380 
1295 4 1380 1405 1406 1381 
1296 4 1381 1406 1407 1382 
1297 4 1382 1407 1408 1383 
1298 4 1383 1408 161 162 
1299 4 132 5 1409 1384 
1300 4 1384 1409 1410 1385 
1301 4 1385 1410 1411 1386 
1302 4 1386 1411 1412 1387 
1303 4 1387 1412 1413 1388 
1304 4 1388 1413 1414 1389 
1305 4 1389 1414 1415 1390 
1306 4 1390 1415 1416 1391 
1307 4 1391 1416 1417 1392 
1308 4 1392 1417 1418 1393 
1309 4 1393 1418 1419 1394 
1310 4 1394 1419 1420 1395 
1311 4 1395 1420 1421 1396 
1312 4 1396 1421 1422 1397 
1313 4 1397 1422 1423 1398 
1314 4 1398 1423 1424 1399 
1315 4 1399 1424 1425 1400 
1316 4 1400 1425 1426 1401 
1317 4 1401 1426 1427 1402 
1318 4 1402 1427 1428 1403 
1319 4 1403 1428 1429 1404 
1320 4 1404 1429 1430 1405 
1321 4 1405 1430 1431 1406 
1322 4 1406 1431 1432 1407 
1323 4 1407 1432 1433 1408 
1324 4 1408 1433 160 161 
1325 4 5 133 1434 1409 
1326 4 1409 1434 1435 1410 
1327 4 1410 1435 1436 1411 
1328 4 1411 1436 1437 1412 
1329 4 1412 1437 1438 1413 
1330 4 1413 1438 1439 1414 
1331 4 1414 1439 1440 1415 
1332 4 1415 1440 1441 1416 
1333 4 1416 1441 1442 1417 
1334 4 1417 1442 1443 1418 
1335 4 1418 1443 1444 1419 
1336 4 1419 1444 1445 1420 
1337 4 1420 1445 1446 1421 
1338 4 1421 1446 1447 1422 
1339 4 1422 1447 1448 1423 
1340 4 1423 1448 1449 1424 
1341 4 1424 1449 1450 1425 
1342 4 1425 1450 1451 1426 
1343 4 1426 1451 1452 1427 
1344 4 1427 1452 1453 1428 
1345 4 1428 1453 1454 1429 
1346 4 1429 1454 1455 1430 
1347 4 1430 1455 1456 1431 
1348 4 1431 1456 1457 1432 
1349 4 1432 1457 1458 1433 
1350 4 1433 1458 159 160 
1351 4 133 6 134 1434 
1352 4 1434 134 135 1435 
1353 4 1435 135 136 1436 
1354 4 1436 136 137 1437 
1355 4 1437 137 138 1438 
1356 4 1438 138 139 1439 
1357 4 1439 139 140 1440 
1358 4 1440 140 141 1441 
1359 4 1441 141 142 1442 
1360 4 1442 142 143 1443 
1361 4 1443 143 144 1444 
1362 4 1444 144 145 1445 
1363 4 1445 145 146 1446 
1364 4 1446 146 147 1447 
1365 4 1447 147 148 1448 
1366 4 1448 148 149 1449 
1367 4 1449 149 150 1450 
1368 4 1450 150 151 1451 
1369 4 1451 151 152 1452 
1370 4 1452 152 153 1453 
1371 4 1453 153 154 1454 
1372 4 1454 154 155 1455 
1373 4 1455 155 156 1456 
1374 4 1456 156 157 1457 
1375 4 1457 157 158 1458 
1376 4 1458 158 7 159 
No._nodes_with_prescribed_DOFs: 56
Node_#, DOF#, Value:
1 1 0
1 2 -0.0013
2 2 -0.0013
11 2 -0.0013
12 2 -0.0013
13 2 -0.0013
14 2 -0.0013
15 2 -0.0013
16 2 -0.0013
17 2 -0.0013
18 2 -0.0013
19 2 -0.0013
20 2 -0.0013
21 2 -0.0013
22 2 -0.0013
23 2 -0.0013
24 2 -0.0013
25 2 -0.0013
26 2 -0.0013
27 2 -0.0013
28 2 -0.0013
29 2 -0.0013
30 2 -0.0013
31 2 -0.0013
32 2 -0.0013
33 2 -0.0013
34 2 -0.0013
35 2 -0.0013
8 1 0
7 2 0.0013
8 2 0.0013
159 2 0.0013
160 2 0.0013
161 2 0.0013
162 2 0.0013
163 2 0.0013
164 2 0.0013
165 2 0.0013
166 2 0.0013
167 2 0.0013
168 2 0.0013
169 2 0.0013
170 2 0.0013
171 2 0.0013
172 2 0.0013
173 2 0.0013
174 2 0.0013
175 2 0.0013
176 2 0.0013
177 2 0.0013
178 2 0.0013
179 2 0.0013
180 2 0.0013
181 2 0.0013
182 2 0.0013
183 2 0.0013